1
-3.7786259541984735
-10.068702290076336
-0.16793893129770993
9.057264880371093
0.74699091796875
-5.908889697265625
2
-2.099236641221374
-10.51908396946565
0.1984732824427481
9.004592443847656
0.55545478515625
-5.951985327148437
3
-3.4122137404580153
-11.297709923664122
1.0381679389312977
9.356540087890625
0.6416460449218749
-5.834669445800781
4
-3.1908396946564888
-11.763358778625955
1.015267175572519
9.07163009033203
0.6607996582031249
-5.6958057495117185
5
-2.900763358778626
-14.65648854961832
1.2671755725190839
8.985438830566405
0.7302315063476562
-5.889736083984375
6
-1.5572519083969465
-16.213740458015266
1.0916030534351144
9.30147344970703
0.46208092041015625
-5.9974751586914055
7
-2.0763358778625953
-15.763358778625955
1.2671755725190839
9.045293872070312
0.6392518432617187
-6.047753393554687
8
-3.3587786259541983
-14.938931297709924
3.83206106870229
9.150638745117186
0.7996633544921875
-5.971138940429687
9
-3.5267175572519083
-15.946564885496183
2.381679389312977
9.14824454345703
0.6200982299804687
-6.212953308105468
10
-3.2748091603053435
-15.786259541984732
2.3969465648854964
8.896853369140624
0.4860229370117187
-6.505045910644531
11
-2.6106870229007635
-13.022900763358779
2.480916030534351
8.779537487792968
0.6248866333007812
-6.392518432617187
12
-3.8473282442748094
-9.923664122137405
2.5343511450381677
8.875305554199219
0.6105214233398437
-6.332663391113281
13
-1.3511450381679388
-6.656488549618321
2.5267175572519083
8.980650427246093
0.1580173095703125
-6.505045910644531
14
-0.9618320610687023
-6.3893129770992365
2.3587786259541983
8.789114294433594
0.5602431884765625
-6.3709706176757805
15
-0.7480916030534351
-8.061068702290076
3.045801526717557
8.767566479492187
0.32561142578124996
-6.040570788574218
16
-1.5038167938931297
-10.450381679389313
2.6030534351145036
9.018957653808593
0.23223756103515625
-6.373364819335937
17
-2.1755725190839694
-11.931297709923664
1.8931297709923665
8.817844714355468
0.6272808349609375
-6.3973068359375
18
-2.519083969465649
-11.961832061068701
3.7557251908396947
8.825027319335938
0.6919242797851562
-6.138733056640625
19
-0.19083969465648856
-11.404580152671755
1.6793893129770991
8.757989672851561
0.45010991210937495
-6.342240197753906
20
-2.5572519083969465
-12.038167938931299
1.183206106870229
8.84178673095703
0.7254431030273437
-6.2584431396484375
21
-2.7251908396946565
-15.351145038167939
1.7251908396946565
8.540117321777343
0.3950432739257812
-6.426037255859375
22
-3.1908396946564888
-18.83969465648855
1.6106870229007633
8.623914379882812
0.5410895751953124
-6.411672045898437
23
-2.8473282442748094
-23.419847328244273
1.3358778625954197
8.836998327636719
0.5674257934570313
-6.734889270019531
24
-2.7786259541984735
-21.671755725190838
1.7938931297709924
8.310273962402343
0.603338818359375
-6.907271789550781
25
-4.1679389312977095
-17.633587786259543
2.6717557251908395
8.315062365722655
0.5746083984375
-7.070077502441406
26
-5.595419847328245
-13.801526717557252
2.9236641221374047
8.556876733398436
0.44532150878906246
-6.969521032714844
27
-6.580152671755725
-12.679389312977099
2.4732824427480917
8.427589843749999
0.603338818359375
-6.811503723144531
28
-7.091603053435114
-9.801526717557252
2.183206106870229
8.382100012207031
0.6823474731445313
-6.775590698242187
29
-6.5038167938931295
-11.183206106870228
1.786259541984733
8.566453540039062
0.718260498046875
-6.7803791015625
30
-7.656488549618321
-12.076335877862595
1.3206106870229009
8.619125976562499
0.51714755859375
-7.043741284179687
31
-5.099236641221374
-12.885496183206106
1.0305343511450382
8.418013037109375
0.7781155395507812
-7.036558679199218
32
-4.297709923664122
-12.305343511450381
0.9694656488549618
8.544905725097657
0.47884033203125
-6.919242797851562
33
-4.458015267175573
-12.564885496183207
1.2900763358778626
8.259995727539062
0.5889736083984375
-6.964732629394531
34
-5.450381679389313
-11.755725190839694
1.9618320610687023
8.391676818847655
0.7230489013671875
-6.947973217773437
35
-5.603053435114504
-15.129770992366412
1.6412213740458015
8.319850769042969
0.7302315063476562
-6.909665991210937
36
-4.961832061068702
-16.083969465648856
1.5725190839694656
8.142679846191406
0.74699091796875
-7.266402038574219
37
-4.687022900763359
-15.625954198473282
1.7251908396946565
8.200140686035155
0.93852705078125
-7.182604980468749
38
-3.8473282442748094
-14.198473282442748
2.2748091603053435
8.219294299316406
0.8571241943359375
-7.283161450195312
39
-2.816793893129771
-15.358778625954198
2.2748091603053435
8.226476904296874
0.622492431640625
-7.259219433593749
40
-2.83206106870229
-14.526717557251908
2.8931297709923665
8.039729174804688
1.1540052001953125
-7.194575988769531
41
-2.633587786259542
-15.122137404580153
2.900763358778626
8.221688500976562
0.8068459594726562
-7.304709265136719
42
-1.618320610687023
-17.053435114503817
2.381679389312977
8.367734802246094
0.55545478515625
-7.486668591308593
43
-1.5190839694656488
-17.106870229007633
1.7633587786259541
7.685387329101562
0.7637503295898437
-7.5345526245117185
44
-1.7938931297709924
-17.541984732824428
0.061068702290076333
8.080430603027343
0.5003881469726562
-7.4794859863281244
45
-2.9160305343511452
-14.893129770992367
0.0
8.027758166503906
0.5267243652343749
-7.635109094238281
46
-4.5038167938931295
-14.236641221374045
2.3053435114503817
7.773972790527344
0.842758984375
-7.431601953125
47
-5.068702290076335
-15.549618320610687
2.7786259541984735
7.905653881835937
0.5051765502929687
-7.556100439453124
48
-4.038167938931298
-14.091603053435115
2.3053435114503817
8.109161022949218
0.5458779785156249
-7.651868505859374
49
-2.8931297709923665
-12.068702290076336
1.3587786259541985
7.769184387207031
0.7996633544921875
-7.5465236328125
50
-1.4351145038167938
-13.068702290076336
1.0610687022900764
7.556100439453124
0.6153098266601562
-7.637503295898437
51
-0.5801526717557252
-13.946564885496183
0.648854961832061
8.042123376464843
0.30885201416015623
-7.730877160644531
52
-0.9923664122137404
-15.396946564885496
0.9923664122137404
7.915230688476562
0.699106884765625
-7.359775903320312
53
-1.213740458015267
-17.022900763358777
3.732824427480916
7.594407666015624
0.4908113403320312
-7.805097412109374
54
-1.366412213740458
-18.17557251908397
1.618320610687023
7.594407666015624
0.9217676391601562
-7.740453967285156
55
-1.8091603053435115
-18.557251908396946
1.3740458015267176
7.783549597167968
0.6392518432617187
-7.8170684204101555
56
0.2366412213740458
-18.18320610687023
1.366412213740458
7.592013464355468
0.6751648681640625
-8.075642199707032
57
-0.2748091603053435
-17.458015267175572
3.900763358778626
7.096413720703125
0.93852705078125
-7.934384301757812
58
-0.33587786259541985
-17.19083969465649
2.8091603053435112
7.465120776367187
0.5530605834960938
-8.173804467773436
59
-0.8091603053435115
-16.35114503816794
2.7022900763358777
7.575254052734374
0.45489831542968745
-8.180987072753906
60
-1.6030534351145038
-15.068702290076336
2.3893129770992365
7.340622290039062
0.8738836059570312
-8.195352282714843
61
-2.2595419847328246
-13.34351145038168
2.351145038167939
7.1395093505859375
0.7134720947265625
-8.14028564453125
62
-1.5114503816793894
-12.091603053435115
1.549618320610687
7.376535314941406
0.296881005859375
-8.157045056152343
63
-0.8015267175572519
-12.412213740458014
0.5725190839694656
7.223306408691406
0.7206546997070312
-7.943961108398437
64
-0.9847328244274809
-13.877862595419847
0.4351145038167939
7.338228088378906
0.5770026000976562
-8.092401611328125
65
-1.1297709923664123
-15.80916030534351
0.7862595419847328
7.204152795410156
0.33518823242187495
-8.09479581298828
66
-2.053435114503817
-17.82442748091603
0.8015267175572519
7.0844427124023435
0.9121908325195311
-8.157045056152343
67
-2.1755725190839694
-18.564885496183205
1.4122137404580153
6.957550024414062
0.7613561279296874
-8.233659509277343
68
-1.1297709923664123
-17.908396946564885
0.8320610687022901
7.1203557373046875
0.34715924072265625
-8.434772448730468
69
-1.717557251908397
-17.641221374045802
0.5572519083969466
6.787561706542968
0.86191259765625
-8.298302954101562
70
-2.885496183206107
-16.137404580152673
3.8396946564885495
6.7085530517578125
0.6248866333007812
-8.322244970703125
71
-2.633587786259542
-16.198473282442748
0.44274809160305345
7.031770275878906
0.47644613037109373
-8.590395556640624
72
-2.877862595419847
-17.16793893129771
1.0610687022900764
6.943184814453125
0.3687070556640625
-8.303091357421874
73
-2.49618320610687
-19.427480916030536
0.8091603053435115
6.828263134765624
0.38786066894531246
-8.767566479492187
74
-2.7022900763358777
-16.35114503816794
0.732824427480916
6.564900952148437
0.814028564453125
-8.698134631347656
75
-0.22137404580152673
-15.557251908396946
0.7938931297709924
6.382941625976562
0.8643067993164062
-8.432378247070313
76
-1.4045801526717556
-16.15267175572519
0.816793893129771
6.789955908203124
0.3806780639648437
-8.621520178222656
77
-1.6488549618320612
-18.99236641221374
-0.030534351145038167
6.8402341430664055
0.565031591796875
-8.453926062011718
78
-1.3587786259541985
-20.450381679389313
-0.8778625954198473
6.373364819335937
0.6464344482421874
-8.872911352539061
79
-0.7404580152671756
-19.33587786259542
-0.648854961832061
6.229712719726562
0.7661445312499999
-8.82981572265625
80
-0.3893129770992366
-19.450381679389313
-0.15267175572519084
6.303932971191406
0.603338818359375
-8.889670764160156
81
-0.4580152671755725
-14.65648854961832
-0.7480916030534351
6.392518432617187
0.02154781494140625
-8.939948999023438
82
-0.5648854961832062
-12.923664122137405
-0.8702290076335878
6.2009822998046875
0.7900865478515624
-8.79150849609375
83
-1.1984732824427482
-12.633587786259541
0.09923664122137404
5.985504150390625
0.6488286499023437
-8.604760766601562
84
-2.3435114503816794
-13.625954198473282
0.3969465648854962
6.186617089843749
0.5243301635742187
-8.980650427246093
85
-2.1297709923664123
-15.114503816793894
-0.44274809160305345
6.167463476562499
0.5602431884765625
-8.74601866455078
86
-2.0916030534351147
-15.877862595419847
-1.0687022900763359
5.9783215454101555
0.4955997436523437
-8.987833032226561
87
-2.5572519083969465
-14.0
-0.9312977099236641
6.0142345703124995
0.7900865478515624
-9.143456140136719
88
-3.213740458015267
-14.709923664122137
-0.3435114503816794
5.858611462402344
0.8882488159179687
-9.05965908203125
89
-2.7938931297709924
-14.404580152671755
-0.32061068702290074
5.865794067382812
0.7278373046875
-9.153032946777342
90
-2.687022900763359
-15.335877862595419
-0.35877862595419846
5.990292553710937
0.5434837768554687
-9.179369165039063
91
-2.4656488549618323
-15.717557251908397
-0.31297709923664124
5.88015927734375
0.7613561279296874
-9.289502441406249
92
-1.3969465648854962
-15.320610687022901
-0.4580152671755725
5.667075329589843
0.9097966308593749
-9.325415466308593
93
-0.7404580152671756
-15.633587786259541
-0.29770992366412213
5.408501550292969
0.6584054565429687
-9.054870678710937
94
-0.45038167938931295
-13.16030534351145
-0.22137404580152673
5.8083332275390624
0.4525041137695312
-9.311050256347656
95
-0.7862595419847328
-14.664122137404581
-0.15267175572519084
5.973533142089844
0.8786720092773437
-9.121908325195312
96
-0.7938931297709924
-17.30534351145038
-0.06870229007633588
5.645527514648437
0.7685387329101562
-9.184157568359375
97
-0.4198473282442748
-18.49618320610687
-0.48854961832061067
5.49708701171875
0.8068459594726562
-9.227253198242186
98
-0.03816793893129771
-18.03053435114504
-1.0534351145038168
5.549759448242187
0.6105214233398437
-9.402029919433593
99
0.03816793893129771
-16.129770992366414
-1.099236641221374
5.566518859863281
0.24899697265624998
-9.375693701171874
100
-0.12213740458015267
-15.076335877862595
-0.20610687022900764
5.355829113769531
1.0702081420898437
-9.251195214843749
101
-0.48854961832061067
-15.34351145038168
1.213740458015267
5.135562561035156
0.8738836059570312
-9.246406811523437
102
-0.8320610687022901
-16.72519083969466
1.282442748091603
5.109226342773437
1.0223241088867188
-9.53131680908203
103
-1.1450381679389312
-17.435114503816795
-1.83206106870229
5.439626171875
0.4070142822265625
-9.581595043945311
104
-1.6106870229007633
-15.82442748091603
-0.3893129770992366
5.087678527832031
0.5961562133789062
-9.689334118652344
105
-2.4198473282442747
-14.122137404580153
-0.6183206106870229
5.061342309570312
0.9624690673828125
-9.686939916992188
106
-2.6412213740458017
-12.725190839694656
0.1297709923664122
4.843469958496094
0.6440402465820312
-9.555258825683593
107
-2.763358778625954
-11.763358778625955
0.5954198473282443
4.7955859252929685
0.6847416748046875
-9.5384994140625
108
-2.1374045801526718
-12.374045801526718
0.1297709923664122
4.924872814941406
0.7302315063476562
-9.550470422363281
109
-1.1984732824427482
-13.65648854961832
0.15267175572519084
5.140350964355468
0.34237083740234375
-9.53131680908203
110
-0.37404580152671757
-12.374045801526718
0.17557251908396945
4.759672900390624
0.9840168823242187
-9.425971936035156
111
0.8015267175572519
-14.702290076335878
-0.15267175572519084
4.721365673828124
0.8259995727539062
-9.698910925292969
112
1.5725190839694656
-15.312977099236642
-0.7938931297709924
4.75009609375
0.5602431884765625
-9.694122521972655
113
1.3282442748091603
-16.0
-0.6030534351145038
5.015852478027344
0.699106884765625
-9.68454571533203
114
0.5114503816793893
-16.244274809160306
0.42748091603053434
4.728548278808593
0.6919242797851562
-9.785102185058593
115
0.1984732824427481
-15.664122137404581
0.9007633587786259
4.50109912109375
1.0366893188476562
-9.792284790039062
116
1.8625954198473282
-14.854961832061068
0.7786259541984732
4.537012145996093
0.5099649536132812
-9.765948571777344
117
-1.6946564885496183
-14.290076335877863
0.8015267175572519
4.75009609375
0.1484405029296875
-9.86411083984375
118
-1.0687022900763359
-14.580152671755725
0.8854961832061069
4.515464331054687
0.7661445312499999
-9.859322436523437
119
-2.3740458015267176
-14.870229007633588
3.7938931297709924
4.441244079589843
0.852335791015625
-9.9215716796875
120
-3.053435114503817
-13.83969465648855
2.6106870229007635
4.244919543457031
0.9361328491210937
-9.871293444824218
121
-2.198473282442748
-13.358778625954198
2.633587786259542
4.508281726074219
0.38786066894531246
-10.081983190917969
122
-1.4732824427480915
-12.732824427480915
1.9694656488549618
4.458003491210937
0.16519991455078123
-10.002974536132811
123
-1.1526717557251909
-12.442748091603054
0.9465648854961832
4.139574670410156
0.8499415893554687
-9.7683427734375
124
-1.702290076335878
-12.648854961832061
0.6183206106870229
4.046200805664062
0.6177040283203125
-9.904812268066406
125
-1.6564885496183206
-12.213740458015268
1.1603053435114503
4.211400720214844
0.6392518432617187
-9.938331091308592
126
-2.267175572519084
-12.526717557251908
1.5038167938931297
4.2497079467773435
0.6727706665039062
-10.036493359375
127
-1.251908396946565
-13.458015267175572
1.5267175572519085
4.2880151733398435
0.689530078125
-10.172962854003906
128
-0.4351145038167939
-10.763358778625955
0.7022900763358778
3.9647979492187497
0.8643067993164062
-9.737218151855469
129
0.7022900763358778
-10.244274809160306
0.7709923664122137
3.9312791259765625
0.9002198242187499
-9.811438403320311
130
1.450381679389313
-12.236641221374045
0.3969465648854962
4.072537023925781
0.2346317626953125
-9.636661682128906
131
-0.22900763358778625
-13.877862595419847
0.03816793893129771
4.012681982421875
0.7445967163085937
-9.830592016601562
132
-1.1221374045801527
-18.81679389312977
-1.83206106870229
3.744531396484375
0.8643067993164062
-9.892841259765625
133
-1.3435114503816794
-20.862595419847327
0.366412213740458
3.5913024902343746
0.18914193115234373
-10.369287390136718
134
-2.6793893129770994
-21.106870229007633
0.11450381679389313
3.7205893798828122
0.5315127685546874
-10.230423693847655
135
-3.0610687022900764
-19.076335877862597
0.7557251908396947
3.3351229125976563
0.6823474731445313
-10.292672937011718
136
-2.9618320610687023
-17.587786259541986
1.1145038167938932
3.4093431640625
0.4333505004882812
-10.338162768554687
137
-4.076335877862595
-14.099236641221374
1.1755725190839694
3.782838623046875
0.316034619140625
-10.24718310546875
138
-3.83206106870229
-13.67175572519084
1.4274809160305344
3.337517114257812
0.7948749511718749
-10.000580334472655
139
-3.0
-14.954198473282442
1.0305343511450382
3.31357509765625
0.6871358764648438
-10.115502014160155
140
-2.6793893129770994
-15.992366412213741
-0.3893129770992366
3.6655227416992187
0.5746083984375
-10.500968481445312
141
-2.267175572519084
-14.80916030534351
-0.29770992366412213
3.42849677734375
0.3136404174804687
-10.304643945312499
142
-2.236641221374046
-13.297709923664122
0.04580152671755725
3.2704794677734372
0.9935936889648437
-10.189722265624999
143
-1.786259541984733
-12.030534351145038
0.9541984732824428
3.3590649291992185
0.6775590698242188
-10.141838232421874
144
-1.5038167938931297
-15.038167938931299
0.2748091603053435
3.2920272827148436
0.5219359619140624
-10.309432348632813
145
-0.46564885496183206
-13.763358778625955
-0.46564885496183206
3.430890979003906
0.5219359619140624
-10.467449658203124
146
0.7938931297709924
-14.282442748091603
-0.7709923664122137
2.913743420410156
0.6464344482421874
-10.335768566894531
147
1.183206106870229
-12.358778625954198
0.11450381679389313
2.9927520751953125
1.177947216796875
-10.263942517089843
148
0.6106870229007634
-12.099236641221374
1.16793893129771
2.971204260253906
0.7685387329101562
-10.280701928710936
149
0.40458015267175573
-13.198473282442748
1.6793893129770991
3.0693665283203124
0.26815058593749996
-10.273519323730468
150
-0.366412213740458
-13.725190839694656
1.3587786259541985
2.978386865234375
0.201112939453125
-10.273519323730468
151
-1.2900763358778626
-16.412213740458014
0.6793893129770993
3.0597897216796874
0.39983167724609375
-10.283096130371094
152
-0.2595419847328244
-14.961832061068701
0.07633587786259542
2.636016027832031
0.7230489013671875
-10.534487304687499
153
0.11450381679389313
-14.259541984732824
0.022900763358778626
2.4516625
0.6392518432617187
-10.127473022460936
154
0.7557251908396947
-13.80916030534351
-0.04580152671755725
2.5641899780273434
0.6943184814453125
-10.146626635742187
155
-0.42748091603053434
-15.114503816793894
-1.183206106870229
2.786850732421875
0.258573779296875
-10.199299072265624
156
-1.1450381679389312
-15.98473282442748
-1.5419847328244274
2.501940734863281
0.5339069702148437
-10.340556970214843
157
-0.5190839694656488
-14.916030534351146
-1.8702290076335877
2.2577321655273437
1.0438719238281249
-10.527304699707031
158
0.48854961832061067
-14.34351145038168
-2.7099236641221376
2.5330653564453125
0.3447650390625
-10.529698901367187
159
-0.20610687022900764
-13.183206106870228
-2.427480916030534
2.446874096679687
0.4740519287109375
-10.486603271484375
160
-0.32061068702290074
-12.526717557251908
-1.4351145038167938
2.3223756103515623
0.689530078125
-10.228029492187499
161
-0.7709923664122137
-13.954198473282442
-0.26717557251908397
2.3367408203125
0.48123453369140623
-10.24718310546875
162
-0.7404580152671756
-15.473282442748092
0.08396946564885496
2.3774422485351563
0.316034619140625
-10.419565624999999
163
-0.7175572519083969
-16.51145038167939
-0.16793893129770993
1.9033903198242186
0.9888052856445312
-10.117896215820313
164
0.8625954198473282
-17.396946564885496
-1.0
2.0829554443359375
0.5817910034179687
-10.419565624999999
165
1.5267175572519085
-17.6793893129771
-1.6412213740458015
2.2553379638671873
0.009576806640625
-10.558429321289061
166
1.4580152671755726
-16.984732824427482
-1.534351145038168
1.8004396484374998
0.8547299926757812
-10.429142431640624
167
1.7786259541984732
-16.48854961832061
-0.6259541984732825
1.7693150268554687
0.5291185668945312
-10.529698901367187
168
1.3053435114503817
-16.0
-0.8931297709923665
2.059013427734375
0.1867477294921875
-10.50815108642578
169
1.1374045801526718
-16.83969465648855
-1.4274809160305344
1.89620771484375
0.8212111694335937
-10.160991845703125
170
1.6106870229007633
-17.450381679389313
-1.0229007633587786
1.6017209106445311
0.9074024291992187
-10.730811840820312
171
1.450381679389313
-16.923664122137403
-1.6564885496183206
1.8531120849609375
0.258573779296875
-10.647014782714843
172
-0.1984732824427481
-15.17557251908397
-1.2442748091603053
1.7669208251953124
0.6057330200195312
-10.517727893066406
173
-1.1450381679389312
-13.51908396946565
0.29770992366412213
1.3263877197265623
0.5865794067382812
-10.352527978515624
174
-1.9083969465648856
-13.725190839694656
1.3435114503816794
1.6400281372070311
0.3591302490234375
-10.455478649902343
175
-1.0916030534351144
-15.541984732824428
0.7022900763358778
1.7788918334960937
0.36391865234375
-10.426748229980468
176
-1.3129770992366412
-15.50381679389313
0.45038167938931295
1.1276689819335937
0.6009446166992187
-10.43871923828125
177
-0.8091603053435115
-13.458015267175572
0.816793893129771
1.1563994018554686
0.430956298828125
-10.69968721923828
178
-0.6946564885496184
-11.923664122137405
0.4961832061068702
1.6519991455078125
0.00239420166015625
-10.570400329589843
179
-2.6946564885496183
-11.419847328244275
0.9312977099236641
1.1180921752929687
0.8188169677734375
-10.512939489746094
180
-3.2519083969465647
-11.297709923664122
1.6717557251908397
1.2473790649414063
0.34715924072265625
-10.529698901367187
181
-3.213740458015267
-12.679389312977099
0.6259541984732825
1.4413093994140624
0.18435352783203124
-10.381258398437499
182
-3.1374045801526718
-13.67175572519084
0.09923664122137404
1.0702081420898437
0.7158662963867187
-10.340556970214843
183
-1.8015267175572518
-13.84732824427481
-0.6183206106870229
0.928950244140625
0.6967126831054687
-10.271125122070313
184
-1.3358778625954197
-15.816793893129772
-1.381679389312977
1.4700398193359374
0.18435352783203124
-10.460267053222656
185
-1.6946564885496183
-19.48854961832061
-0.9923664122137404
1.1013327636718748
1.5275006591796874
-10.563217724609375
186
-2.366412213740458
-19.442748091603054
-0.29770992366412213
0.833182177734375
0.9145850341796874
-10.429142431640624
187
-2.3206106870229006
-19.46564885496183
-0.2595419847328244
1.1372457885742187
0.49799394531249996
-10.704475622558594
188
-2.183206106870229
-17.52671755725191
1.7938931297709924
1.005564697265625
0.16998831787109375
-10.690110412597656
189
-1.7938931297709924
-11.83206106870229
0.8549618320610687
0.5267243652343749
0.7996633544921875
-10.596736547851561
190
-1.4427480916030535
-9.091603053435115
1.5419847328244274
0.565031591796875
0.7398083129882812
-10.436325036621094
191
-1.0916030534351144
-8.320610687022901
1.4885496183206106
0.8930372192382812
0.16759411621093748
-10.517727893066406
192
-1.282442748091603
-9.435114503816793
1.2671755725190839
0.5267243652343749
0.74699091796875
-10.472238061523436
193
-0.9770992366412213
-9.641221374045802
1.297709923664122
0.5913678100585937
0.7517793212890624
-10.369287390136718
194
-1.9465648854961832
-10.038167938931299
0.31297709923664124
0.7685387329101562
0.27293898925781246
-10.524910498046875
195
-0.015267175572519083
-11.213740458015268
-0.6870229007633588
0.6248866333007812
0.6153098266601562
-10.297461340332031
196
-0.5954198473282443
-11.80916030534351
-0.8702290076335878
0.354341845703125
0.8044517578125
-10.347739575195313
197
-0.16793893129770993
-12.977099236641221
-0.6335877862595419
0.6392518432617187
0.30406361083984373
-10.606313354492187
198
-1.1221374045801527
-13.442748091603054
-0.6183206106870229
0.7422025146484375
0.5722141967773438
-10.613495959472656
199
-1.3893129770992367
-12.877862595419847
0.3969465648854962
0.24181436767578124
0.7326257080078125
-10.443507641601562
200
-1.5190839694656488
-11.977099236641221
1.16793893129771
0.15322890625
0.47165772705078124
-10.594342346191405
201
-3.9083969465648853
-11.198473282442748
0.6106870229007634
0.5793968017578125
0.22505495605468748
-10.658985791015624
202
-2.6259541984732824
-7.923664122137405
1.4580152671755726
-0.062249243164062495
0.6200982299804687
-10.632649572753905
203
-2.946564885496183
-9.511450381679388
2.3893129770992365
0.0383072265625
0.5195417602539062
-10.682927807617187
204
-2.854961832061069
-7.526717557251908
2.3969465648854964
0.5410895751953124
0.4165910888671875
-10.330980163574218
205
-2.1908396946564888
-9.198473282442748
2.053435114503817
0.41898529052734373
0.3232172241210937
-10.402806213378906
206
-1.2366412213740459
-11.083969465648854
1.5114503816793894
0.0047884033203125
0.9576806640625
-10.342951171874999
207
-0.16030534351145037
-13.49618320610687
0.6335877862595419
0.44053310546874996
0.4261678955078125
-10.716446630859375
208
0.13740458015267176
-12.557251908396946
0.35877862595419846
0.3902548706054687
0.2154781494140625
-10.824185705566405
209
-0.3893129770992366
-10.145038167938932
0.9541984732824428
0.062249243164062495
0.7062894897460937
-10.728417639160156
210
-1.1755725190839694
-7.473282442748092
1.4580152671755726
-0.06943184814453125
0.3806780639648437
-10.694898815917968
211
-1.381679389312977
-6.213740458015267
2.145038167938931
-0.229843359375
0.7062894897460937
-10.500968481445312
212
-1.3435114503816794
-4.916030534351145
1.6106870229007633
-0.08858546142578125
0.1580173095703125
-10.505756884765624
213
-1.2748091603053435
-2.885496183206107
1.7938931297709924
0.02154781494140625
0.16759411621093748
-10.486603271484375
214
-1.2900763358778626
-2.33587786259542
1.3969465648854962
-0.1484405029296875
0.8403647827148437
-10.421959826660157
215
-0.9465648854961832
-0.2748091603053435
1.6106870229007633
-0.009576806640625
0.39983167724609375
-10.43153663330078
216
-0.8778625954198473
-1.9770992366412214
0.8702290076335878
0.28969840087890625
-0.1149216796875
-10.524910498046875
217
-1.786259541984733
-2.2977099236641223
0.7557251908396947
-0.04548983154296875
0.7517793212890624
-10.417171423339843
218
-2.3587786259541983
-1.015267175572519
1.0458015267175573
-0.3136404174804687
0.46686932373046874
-10.54645831298828
219
-2.9770992366412212
-1.900763358778626
0.31297709923664124
-0.12210428466796874
0.181959326171875
-10.467449658203124
220
-4.251908396946565
0.9389312977099237
-0.3511450381679389
-0.30406361083984373
0.51714755859375
-10.407594616699217
221
-4.862595419847328
0.9389312977099237
0.3511450381679389
-0.32082302246093747
0.6655880615234374
-10.347739575195313
222
-3.5801526717557253
-0.8854961832061069
-0.0916030534351145
-0.14125789794921875
0.26815058593749996
-10.261548315429687
223
-2.3969465648854964
-1.9923664122137406
-0.8473282442748091
0.09576806640624999
0.3064578125
-10.36210478515625
224
-1.083969465648855
-6.564885496183206
-1.4274809160305344
-0.34237083740234375
0.6057330200195312
-10.426748229980468
225
0.3969465648854962
-7.305343511450381
-1.7099236641221374
-0.51714755859375
0.7062894897460937
-10.716446630859375
226
0.8015267175572519
-6.312977099236641
-2.3435114503816794
0.08379705810546874
0.2154781494140625
-10.86009873046875
227
0.6259541984732825
-3.3206106870229006
-2.3740458015267176
-0.3399766357421875
0.7206546997070312
-10.817003100585938
228
0.9923664122137404
-0.2366412213740458
-1.450381679389313
-0.35673604736328124
0.6607996582031249
-10.54645831298828
229
0.46564885496183206
0.3969465648854962
-1.366412213740458
0.05985504150390625
0.24899697265624998
-10.874463940429687
230
0.7938931297709924
-1.7786259541984732
-1.5877862595419847
-0.02154781494140625
0.14125789794921875
-10.663774194335938
231
0.8320610687022901
0.1984732824427481
-1.6488549618320612
-0.40462008056640625
0.8595183959960937
-10.64222637939453
232
-0.29770992366412213
1.6259541984732824
-1.6870229007633588
-0.36391865234375
0.6272808349609375
-10.66856259765625
233
-1.366412213740458
3.572519083969466
-3.877862595419847
0.12689268798828124
0.0430956298828125
-10.611101757812499
234
-2.6259541984732824
4.3893129770992365
-0.8549618320610687
-0.28490999755859375
0.699106884765625
-10.295067138671874
235
-3.435114503816794
2.9770992366412212
0.21374045801526717
-0.36631285400390623
0.5961562133789062
-10.445901843261717
236
-3.6564885496183206
1.7404580152671756
-1.6106870229007633
-0.14125789794921875
0.16041151123046873
-10.448296044921875
237
-2.877862595419847
0.4732824427480916
1.7251908396946565
0.05746083984375
0.5219359619140624
-10.457872851562499
238
-2.3053435114503817
0.7862595419847328
0.8091603053435115
-0.4213794921875
0.4740519287109375
-10.436325036621094
239
-1.9541984732824427
2.114503816793893
1.6870229007633588
-0.08379705810546874
0.3902548706054687
-10.613495959472656
240
-1.4732824427480915
2.66412213740458
1.534351145038168
-0.031124621582031248
0.19871873779296872
-10.70686982421875
241
-1.8015267175572518
3.0763358778625953
1.8549618320610688
-0.28012159423828126
0.5506663818359374
-10.558429321289061
242
-1.6259541984732824
5.648854961832061
1.9770992366412214
-0.5195417602539062
0.6823474731445313
-10.426748229980468
243
-0.03816793893129771
5.847328244274809
1.4885496183206106
-0.1005564697265625
0.3854664672851562
-10.457872851562499
244
2.4122137404580153
4.633587786259542
-0.33587786259541985
0.11731588134765625
0.16998831787109375
-10.613495959472656
245
3.3206106870229006
4.717557251908397
-1.2290076335877862
0.10773907470703124
0.6536170532226562
-10.31661495361328
246
2.9923664122137406
4.900763358778626
-0.6259541984732825
-0.201112939453125
0.5746083984375
-10.347739575195313
247
2.015267175572519
4.526717557251908
-0.9847328244274809
0.3495534423828125
0.0526724365234375
-10.335768566894531
248
1.5190839694656488
4.0
-2.0916030534351147
0.20350714111328125
0.3280056274414062
-10.216058483886718
249
1.0687022900763359
3.1908396946564888
-2.213740458015267
-0.3016694091796875
0.5722141967773438
-10.232817895507813
250
0.6183206106870229
2.633587786259542
-2.83206106870229
0.143652099609375
0.031124621582031248
-10.297461340332031
251
-0.4961832061068702
1.786259541984733
-2.480916030534351
0.258573779296875
0.5482721801757812
-10.230423693847655
252
-1.5190839694656488
1.0534351145038168
-0.5038167938931297
0.1292868896484375
0.6272808349609375
-10.311826550292968
253
-3.8931297709923665
1.1755725190839694
1.5725190839694656
-0.2920926025390625
0.34715924072265625
-10.448296044921875
254
-2.6564885496183206
2.50381679389313
0.26717557251908397
-0.028730419921875
0.239420166015625
-10.426748229980468
255
-1.8473282442748091
3.687022900763359
2.7480916030534353
-0.08379705810546874
0.47165772705078124
-10.589553942871094
256
-0.7099236641221374
5.465648854961832
2.786259541984733
-0.5363011718749999
0.6871358764648438
-10.692504614257812
257
0.9770992366412213
7.0458015267175576
0.06870229007633588
-0.22266075439453123
0.4070142822265625
-10.558429321289061
258
2.2519083969465647
6.1679389312977095
1.0763358778625953
-0.0909796630859375
0.25139117431640623
-10.43153663330078
259
2.053435114503817
7.412213740458015
1.4045801526717556
-0.24660277099609373
0.7038952880859375
-10.726023437499999
260
2.3969465648854964
5.534351145038168
1.8473282442748091
0.06464344482421874
0.28969840087890625
-10.295067138671874
261
2.900763358778626
2.7251908396946565
0.6335877862595419
0.38307226562499996
-0.10773907470703124
-10.678139404296875
262
1.9923664122137406
0.6412213740458015
1.7557251908396947
0.0718260498046875
0.565031591796875
-10.675745202636719
263
1.1068702290076335
2.435114503816794
-0.5572519083969466
-0.296881005859375
0.08379705810546874
-10.81460889892578
264
-1.786259541984733
4.641221374045801
-1.0534351145038168
0.41419688720703124
-0.17956512451171874
-10.79545528564453
265
-1.5572519083969465
4.786259541984733
-0.648854961832061
0.0383072265625
0.4333505004882812
-10.577582934570312
266
-3.0839694656488548
5.587786259541985
0.3893129770992366
-0.16759411621093748
0.2346317626953125
-10.46984385986328
267
-3.236641221374046
2.7099236641221376
0.816793893129771
-0.04548983154296875
-0.28730419921875
-10.541669909667968
268
-2.969465648854962
2.2900763358778624
-0.6183206106870229
0.3016694091796875
-0.11252747802734374
-10.620678564453124
269
-3.854961832061069
1.3282442748091603
-0.6870229007633588
-0.0526724365234375
0.34237083740234375
-10.448296044921875
270
-1.4732824427480915
1.2061068702290076
-0.35877862595419846
-0.143652099609375
0.5195417602539062
-10.658985791015624
271
-0.7022900763358778
0.5877862595419847
-0.5343511450381679
0.19632453613281248
0.19153613281249998
-10.378864196777343
272
-0.8778625954198473
0.6259541984732825
1.748091603053435
0.062249243164062495
0.15562310791015624
-10.70686982421875
273
-1.1450381679389312
1.4122137404580153
-0.40458015267175573
-0.02633621826171875
0.7613561279296874
-10.345345373535155
274
-0.2748091603053435
2.0763358778625953
-1.0229007633587786
0.0
0.10773907470703124
-10.304643945312499
275
0.6641221374045801
2.198473282442748
-1.534351145038168
0.0718260498046875
0.16759411621093748
-10.429142431640624
276
0.8702290076335878
2.1068702290076335
-1.1374045801526718
-0.031124621582031248
0.7158662963867187
-10.407594616699217
277
0.42748091603053434
0.8854961832061069
-0.6259541984732825
0.4836287353515625
0.16280571289062498
-10.43153663330078
278
0.24427480916030533
-0.3816793893129771
0.03816793893129771
0.28969840087890625
0.2753331909179687
-10.333374365234375
279
0.8015267175572519
-0.7175572519083969
0.3435114503816794
0.07422025146484375
0.6296750366210937
-10.551246716308594
280
1.4732824427480915
-0.7404580152671756
-1.9541984732824427
0.29448680419921874
0.24899697265624998
-10.651803186035156
281
1.381679389312977
0.3282442748091603
-0.12213740458015267
0.41898529052734373
-0.13407529296874998
-10.828974108886719
282
0.1450381679389313
2.519083969465649
0.04580152671755725
0.06464344482421874
0.737414111328125
-10.66137999267578
283
-0.8625954198473282
5.8320610687022905
1.16793893129771
0.08858546142578125
0.1197100830078125
-10.371681591796875
284
-1.9694656488549618
3.351145038167939
0.5343511450381679
0.3591302490234375
0.15083470458984374
-10.230423693847655
285
-2.564885496183206
0.022900763358778626
0.3893129770992366
0.39983167724609375
0.5578489868164063
-10.000580334472655
286
-2.236641221374046
-2.595419847328244
0.7786259541984732
0.09576806640624999
0.40222587890625
-10.374075793457031
287
-1.3282442748091603
-3.3587786259541983
0.3969465648854962
0.3591302490234375
0.23702596435546874
-10.457872851562499
288
-0.6412213740458015
-2.7022900763358777
0.030534351145038167
0.39983167724609375
0.22026655273437498
-10.462661254882812
289
-1.1450381679389312
-0.46564885496183206
1.1297709923664123
0.11731588134765625
0.3184288208007812
-10.512939489746094
290
-1.9083969465648856
1.0076335877862594
1.6870229007633588
0.16759411621093748
0.02633621826171875
-10.685322009277343
291
-2.045801526717557
1.633587786259542
1.0305343511450382
0.55545478515625
0.13168109130859373
-10.520122094726561
292
-1.5038167938931297
1.7328244274809161
0.26717557251908397
0.076614453125
0.4261678955078125
-10.280701928710936
293
-1.5267175572519085
1.3129770992366412
-0.007633587786259542
0.18435352783203124
0.16280571289062498
-10.544064111328124
294
-0.8549618320610687
-0.15267175572519084
-0.5801526717557252
0.6751648681640625
0.09816226806640624
-10.807426293945312
295
2.4198473282442747
-0.20610687022900764
-0.9770992366412213
0.1149216796875
0.28730419921875
-10.83376251220703
296
1.8015267175572518
-0.6717557251908397
-1.0381679389312977
-0.13168109130859373
0.5626373901367188
-10.728417639160156
297
0.6641221374045801
1.8244274809160306
-0.5725190839694656
0.3758896606445312
-0.009576806640625
-10.87925234375
298
-0.3511450381679389
4.229007633587786
0.22900763358778625
0.28730419921875
0.17956512451171874
-10.321403356933594
299
-0.7022900763358778
4.977099236641221
0.04580152671755725
-0.1005564697265625
0.1484405029296875
-10.259154113769531
300
-1.5038167938931297
3.854961832061069
1.5038167938931297
0.40940848388671874
-0.1292868896484375
-10.194510668945313
301
-2.572519083969466
0.3816793893129771
2.1603053435114505
0.718260498046875
-0.28969840087890625
-10.244788903808594
302
-3.931297709923664
-3.2290076335877864
2.2290076335877864
0.38307226562499996
0.5291185668945312
-10.364498986816406
303
-4.175572519083969
-4.458015267175573
1.9312977099236641
0.18435352783203124
0.03591302490234375
-10.845733520507812
304
-1.9312977099236641
-2.351145038167939
-0.7786259541984732
0.3854664672851562
-0.047884033203124995
-10.63025537109375
305
-0.5419847328244275
0.7862595419847328
-2.7938931297709924
0.16041151123046873
0.45010991210937495
-10.534487304687499
306
1.5419847328244274
2.6793893129770994
-3.3587786259541983
0.0430956298828125
0.411802685546875
-10.386046801757812
307
1.3893129770992367
0.5725190839694656
-2.2977099236641223
0.22505495605468748
0.35194764404296874
-10.374075793457031
308
0.6946564885496184
-1.3435114503816794
-1.4961832061068703
0.5578489868164063
-0.023942016601562498
-10.474632263183594
309
3.099236641221374
-2.931297709923664
-1.0
0.17238251953125
0.062249243164062495
-10.666168395996094
310
0.7709923664122137
0.8702290076335878
-1.1908396946564885
0.1292868896484375
0.9241618408203125
-10.43871923828125
311
3.50381679389313
3.213740458015267
1.6793893129770991
-0.2920926025390625
-0.033518823242187495
-10.608707556152343
312
0.9847328244274809
3.885496183206107
0.6641221374045801
0.1771709228515625
0.13407529296874998
-10.426748229980468
313
0.44274809160305345
2.8702290076335877
0.2824427480916031
0.44532150878906246
-0.19153613281249998
-10.534487304687499
314
-1.633587786259542
0.5648854961832062
0.16030534351145037
0.3112462158203125
-0.2705447875976562
-10.608707556152343
315
-2.9236641221374047
1.8778625954198473
0.3816793893129771
0.33518823242187495
0.5722141967773438
-10.455478649902343
316
-2.366412213740458
0.9389312977099237
-0.48091603053435117
0.016759411621093748
0.09337386474609374
-10.838550915527343
317
-0.6030534351145038
2.7022900763358777
-2.763358778625954
0.4860229370117187
-0.5626373901367188
-10.675745202636719
318
1.534351145038168
4.206106870229007
-3.7099236641221376
0.5817910034179687
0.1292868896484375
-10.529698901367187
319
2.6717557251908395
4.305343511450381
-2.267175572519084
0.06464344482421874
0.21308394775390624
-10.539275708007812
320
2.3587786259541983
3.954198473282443
-1.8625954198473282
0.02633621826171875
0.38786066894531246
-10.548852514648438
321
2.6412213740458017
3.66412213740458
0.9541984732824428
0.21787235107421873
-0.27293898925781246
-10.50815108642578
322
2.687022900763359
5.206106870229007
-1.9465648854961832
0.7278373046875
-0.3687070556640625
-10.127473022460936
323
1.4351145038167938
5.8396946564885495
1.8396946564885497
0.6272808349609375
0.2609679809570312
-10.364498986816406
324
0.366412213740458
3.6793893129770994
0.08396946564885496
0.35673604736328124
0.26815058593749996
-10.520122094726561
325
-1.0610687022900764
1.4045801526717556
3.3587786259541983
0.32561142578124996
0.105344873046875
-10.726023437499999
326
-1.4045801526717556
-0.16793893129770993
2.7404580152671754
0.5386953735351562
-0.4429273071289062
-10.613495959472656
327
-3.564885496183206
-0.007633587786259542
1.3358778625954197
0.5027823486328125
-0.4860229370117187
-10.491391674804687
328
-0.6564885496183206
1.7786259541984732
0.030534351145038167
0.2609679809570312
0.1197100830078125
-10.32379755859375
329
0.22900763358778625
2.946564885496183
-1.0076335877862594
0.201112939453125
0.4261678955078125
-10.582371337890624
330
2.5801526717557253
4.396946564885496
-1.297709923664122
0.3112462158203125
0.239420166015625
-10.560823522949217
331
3.854961832061069
5.221374045801527
-0.42748091603053434
0.40222587890625
-0.13168109130859373
-10.63025537109375
332
1.4198473282442747
1.3893129770992367
0.1984732824427481
0.5315127685546874
-0.2825157958984375
-10.541669909667968
333
-2.3206106870229006
0.916030534351145
2.2519083969465647
0.47884033203125
0.1484405029296875
-10.556035119628906
334
-1.984732824427481
-0.061068702290076333
0.9083969465648855
0.3902548706054687
0.229843359375
-10.46984385986328
335
-0.9083969465648855
0.10687022900763359
0.9083969465648855
0.1580173095703125
-0.12210428466796874
-10.714052429199219
336
-1.5877862595419847
0.6106870229007634
0.8625954198473282
0.5985504150390625
-0.2825157958984375
-10.524910498046875
337
-1.2366412213740459
0.9389312977099237
1.5114503816793894
0.4261678955078125
0.0
-10.453084448242187
338
-0.6564885496183206
1.3740458015267176
1.4427480916030535
0.42377369384765623
-0.316034619140625
-10.443507641601562
339
-0.3282442748091603
0.48854961832061067
1.2900763358778626
0.5027823486328125
-0.5985504150390625
-10.46984385986328
340
-1.1297709923664123
0.5038167938931297
1.4274809160305344
0.3327940307617187
-0.02154781494140625
-10.539275708007812
341
-1.3969465648854962
0.9923664122137404
1.4732824427480915
0.38786066894531246
-0.24899697265624998
-10.70686982421875
342
-1.8015267175572518
0.37404580152671757
-0.21374045801526717
0.565031591796875
-0.469263525390625
-10.855310327148437
343
-2.519083969465649
0.4198473282442748
-1.4809160305343512
0.5291185668945312
-0.0430956298828125
-10.615890161132812
344
-2.5877862595419847
0.7557251908396947
-1.6488549618320612
0.5458779785156249
0.40940848388671874
-10.43871923828125
345
-1.2442748091603053
0.732824427480916
-2.435114503816794
0.7134720947265625
-0.3950432739257812
-10.687716210937499
346
-0.6106870229007634
0.648854961832061
-2.16793893129771
0.6584054565429687
-0.16280571289062498
-10.663774194335938
347
-1.717557251908397
0.5801526717557252
-1.015267175572519
0.2537853759765625
0.3016694091796875
-10.364498986816406
348
-1.6641221374045803
0.7557251908396947
0.9312977099236641
0.26336218261718747
0.11252747802734374
-10.726023437499999
349
-1.4885496183206106
0.9618320610687023
0.9312977099236641
0.7206546997070312
-0.6488286499023437
-10.43871923828125
350
-3.6946564885496183
0.21374045801526717
0.4732824427480916
0.469263525390625
-0.1197100830078125
-10.491391674804687
351
-1.7557251908396947
0.7251908396946565
0.8549618320610687
0.47884033203125
0.2442085693359375
-10.589553942871094
352
-1.213740458015267
0.7938931297709924
0.5877862595419847
0.7661445312499999
-0.17238251953125
-10.71884083251953
353
-3.4580152671755724
0.3435114503816794
1.7328244274809161
0.6512228515624999
-0.06703764648437499
-10.443507641601562
354
-2.5267175572519083
0.6793893129770993
-0.3053435114503817
0.33758243408203126
0.32561142578124996
-10.467449658203124
355
-2.5343511450381677
0.6946564885496184
-0.7175572519083969
0.43574470214843747
0.16280571289062498
-10.702081420898438
356
-1.282442748091603
1.7709923664122138
-1.8396946564885497
0.6416460449218749
-0.411802685546875
-10.342951171874999
357
-0.8473282442748091
0.6183206106870229
0.6641221374045801
0.5339069702148437
-0.10295067138671875
-10.460267053222656
358
-1.2061068702290076
0.6259541984732825
1.6717557251908397
0.3064578125
-0.1867477294921875
-10.673351000976561
359
-0.7938931297709924
-1.816793893129771
1.3282442748091603
0.5458779785156249
-0.679953271484375
-10.517727893066406
360
-1.8473282442748091
0.29770992366412213
1.3511450381679388
0.5626373901367188
-0.11013327636718749
-10.330980163574218
361
-2.053435114503817
0.7786259541984732
1.748091603053435
0.3232172241210937
0.18914193115234373
-10.500968481445312
362
-1.8244274809160306
-1.916030534351145
0.9541984732824428
0.70868369140625
-0.3495534423828125
-10.828974108886719
363
-2.3740458015267176
1.4885496183206106
0.022900763358778626
0.34715924072265625
0.229843359375
-10.565611926269531
364
-2.595419847328244
0.648854961832061
0.26717557251908397
0.33039982910156246
0.5243301635742187
-10.709264025878905
365
-1.3969465648854962
0.6259541984732825
0.5267175572519084
0.5674257934570313
-0.15562310791015624
-10.651803186035156
366
-0.366412213740458
0.32061068702290074
0.6412213740458015
0.7565677246093749
-0.35194764404296874
-10.419565624999999
367
-0.6946564885496184
0.5267175572519084
1.0076335877862594
0.4477157104492187
-0.28490999755859375
-10.383652600097655
368
-1.1984732824427482
-1.5114503816793894
1.7328244274809161
0.34715924072265625
-0.32561142578124996
-10.589553942871094
369
-0.8702290076335878
0.26717557251908397
1.4198473282442747
0.5793968017578125
-0.4740519287109375
-10.682927807617187
370
-1.717557251908397
1.8015267175572518
1.0229007633587786
0.7015010864257812
0.02633621826171875
-10.412383020019531
371
-2.2442748091603053
-1.8625954198473282
0.8778625954198473
0.40462008056640625
0.15322890625
-10.500968481445312
372
-3.6106870229007635
-0.2748091603053435
0.37404580152671757
0.4261678955078125
-0.29448680419921874
-10.603919152832031
373
-1.5648854961832062
0.19083969465648856
0.007633587786259542
0.46686932373046874
0.3184288208007812
-10.445901843261717
374
-1.748091603053435
0.6335877862595419
1.0076335877862594
0.565031591796875
0.38786066894531246
-10.582371337890624
375
-0.9083969465648855
0.5038167938931297
0.48091603053435117
0.6368576416015624
-0.30885201416015623
-10.666168395996094
376
-0.8625954198473282
0.11450381679389313
0.4961832061068702
0.6105214233398437
-0.05027823486328125
-10.395623608398436
377
-1.1145038167938932
-1.9083969465648856
1.183206106870229
0.41419688720703124
0.06703764648437499
-10.421959826660157
378
-1.2366412213740459
-0.16793893129770993
1.3435114503816794
0.5219359619140624
-0.45489831542968745
-10.69968721923828
379
-2.0610687022900764
1.7938931297709924
0.7404580152671756
0.6200982299804687
-0.4955997436523437
-10.55364091796875
380
-2.2900763358778624
0.1297709923664122
0.8396946564885496
0.44532150878906246
0.2657563842773437
-10.268730920410155
381
-0.1450381679389313
-1.3969465648854962
1.0458015267175573
0.35673604736328124
-0.0526724365234375
-10.694898815917968
382
-1.3129770992366412
0.24427480916030533
0.6030534351145038
0.45968671875
-0.33758243408203126
-10.785878479003905
383
-3.8244274809160306
-0.030534351145038167
0.35877862595419846
0.5410895751953124
0.39743747558593745
-10.160991845703125
384
-2.114503816793893
0.20610687022900764
0.9389312977099237
0.33758243408203126
0.4165910888671875
-10.424354028320312
385
-1.297709923664122
0.16793893129770993
1.183206106870229
0.45489831542968745
-0.19393033447265623
-10.785878479003905
386
-1.2442748091603053
1.9236641221374047
1.16793893129771
0.6440402465820312
0.296881005859375
-10.47702646484375
387
-1.2442748091603053
0.2595419847328244
1.633587786259542
0.5243301635742187
0.19393033447265623
-10.481814868164061
388
-0.5954198473282443
0.44274809160305345
1.702290076335878
0.3184288208007812
-0.5865794067382812
-10.615890161132812
389
-0.8778625954198473
1.786259541984733
1.2442748091603053
0.622492431640625
-0.0718260498046875
-10.560823522949217
390
-1.213740458015267
0.31297709923664124
3.7251908396946565
0.5003881469726562
0.17956512451171874
-10.304643945312499
391
-1.4045801526717556
0.06870229007633588
1.8778625954198473
0.5602431884765625
-0.2561795776367187
-10.582371337890624
392
-1.6259541984732824
-0.1984732824427481
0.816793893129771
0.6153098266601562
-0.076614453125
-10.558429321289061
393
-0.21374045801526717
0.04580152671755725
0.5114503816793893
0.584185205078125
0.6105214233398437
-10.263942517089843
394
-1.5801526717557253
-1.6259541984732824
0.5343511450381679
0.3399766357421875
-0.01915361328125
-10.843339318847656
395
-1.3129770992366412
0.3053435114503817
-1.6030534351145038
0.7565677246093749
-0.25139117431640623
-10.522516296386717
396
-0.030534351145038167
0.5343511450381679
0.05343511450381679
0.5267243652343749
0.47644613037109373
-10.55364091796875
397
-1.0305343511450382
0.7022900763358778
0.9618320610687023
0.33758243408203126
-0.0430956298828125
-10.637437976074217
398
-1.4732824427480915
0.48854961832061067
0.9465648854961832
0.6488286499023437
-0.86191259765625
-10.505756884765624
399
-2.1755725190839694
0.37404580152671757
0.2366412213740458
0.7158662963867187
0.29448680419921874
-10.218452685546874
400
-1.8854961832061068
0.24427480916030533
0.9389312977099237
0.4860229370117187
0.1197100830078125
-10.50815108642578
401
-0.10687022900763359
0.7251908396946565
0.6412213740458015
0.5003881469726562
-0.33518823242187495
-10.606313354492187
402
-1.5190839694656488
1.9389312977099236
1.6946564885496183
0.6296750366210937
0.2537853759765625
-10.419565624999999
403
-2.114503816793893
1.8931297709923665
0.4580152671755725
0.40222587890625
0.258573779296875
-10.311826550292968
404
-2.1374045801526718
0.6259541984732825
0.2824427480916031
0.45489831542968745
-0.21787235107421873
-10.450690246582031
405
-1.83206106870229
0.22900763358778625
-1.7328244274809161
0.46686932373046874
-0.16280571289062498
-10.522516296386717
406
-1.5801526717557253
0.16030534351145037
0.8778625954198473
0.5434837768554687
0.1292868896484375
-10.321403356933594
407
-1.3358778625954197
0.7175572519083969
1.5114503816793894
0.584185205078125
0.2609679809570312
-10.481814868164061
408
-1.1297709923664123
-1.8473282442748091
1.2213740458015268
0.5410895751953124
-0.5291185668945312
-10.704475622558594
409
-1.0
-0.25190839694656486
0.9083969465648855
0.3854664672851562
-0.36631285400390623
-10.333374365234375
410
-2.0229007633587788
0.4351145038167939
1.3435114503816794
0.55545478515625
0.373495458984375
-10.314220751953124
411
-1.83206106870229
-1.8091603053435115
0.12213740458015267
0.36152445068359373
0.2346317626953125
-10.761936462402343
412
-1.4885496183206106
-1.618320610687023
1.3511450381679388
0.49799394531249996
-0.29448680419921874
-10.472238061523436
413
-1.5419847328244274
0.1297709923664122
1.5419847328244274
0.45010991210937495
0.22026655273437498
-10.326191760253906
414
-1.4809160305343512
0.9465648854961832
2.3969465648854964
0.45489831542968745
0.4477157104492187
-10.568006127929687
415
-1.0534351145038168
1.5572519083969465
0.007633587786259542
0.63206923828125
-0.39983167724609375
-10.620678564453124
416
-1.0763358778625953
0.3511450381679389
1.5877862595419847
0.7015010864257812
-0.16041151123046873
-10.687716210937499
417
-0.366412213740458
1.9389312977099236
1.4732824427480915
0.55545478515625
0.08379705810546874
-10.340556970214843
418
-1.6106870229007633
1.1221374045801527
0.7404580152671756
0.5027823486328125
0.062249243164062495
-10.46984385986328
419
-1.549618320610687
0.31297709923664124
0.6717557251908397
0.5626373901367188
-0.20350714111328125
-10.618284362792968
420
-0.12213740458015267
0.183206106870229
1.5114503816793894
0.41898529052734373
0.0718260498046875
-10.302249743652343
421
-1.8473282442748091
0.3816793893129771
1.1908396946564885
0.33518823242187495
0.3136404174804687
-10.500968481445312
422
-1.6564885496183206
-1.8396946564885497
1.0916030534351144
0.4836287353515625
-0.33518823242187495
-10.603919152832031
423
-1.916030534351145
0.022900763358778626
0.9923664122137404
0.5530605834960938
0.19871873779296872
-10.486603271484375
424
-1.4351145038167938
0.46564885496183206
0.8549618320610687
0.5746083984375
0.06703764648437499
-10.450690246582031
425
-1.0534351145038168
-1.4961832061068703
-0.9312977099236641
0.7541735229492187
-0.5363011718749999
-10.946289990234375
426
-1.4045801526717556
-0.8931297709923665
-1.4045801526717556
0.5722141967773438
-0.031124621582031248
-10.682927807617187
427
-0.29770992366412213
0.06870229007633588
-0.3282442748091603
0.4525041137695312
0.22026655273437498
-10.218452685546874
428
-0.1984732824427481
0.40458015267175573
-0.3893129770992366
0.718260498046875
-0.6081272216796875
-10.802637890625
429
-3.618320610687023
-0.35877862595419846
-1.6488549618320612
0.7230489013671875
-0.05985504150390625
-10.359710583496094
430
-2.015267175572519
-1.366412213740458
3.6793893129770994
0.076614453125
0.430956298828125
-10.39322940673828
431
-1.702290076335878
0.6412213740458015
1.4885496183206106
0.5027823486328125
-0.033518823242187495
-10.711658227539061
432
-1.2671755725190839
-1.5648854961832062
0.9083969465648855
0.7230489013671875
-0.7254431030273437
-11.022904443359375
433
-1.9770992366412214
-0.32061068702290074
1.8702290076335877
0.5363011718749999
0.05027823486328125
-10.441113439941406
434
-1.7251908396946565
0.3053435114503817
0.816793893129771
0.3687070556640625
0.20350714111328125
-10.462661254882812
435
-1.7251908396946565
0.9083969465648855
1.0381679389312977
0.488417138671875
-0.41419688720703124
-10.55364091796875
436
-3.7099236641221376
0.5419847328244275
0.7175572519083969
0.46208092041015625
-0.19393033447265623
-10.579977136230468
437
-3.83206106870229
0.816793893129771
1.2748091603053435
0.3495534423828125
0.21787235107421873
-10.527304699707031
438
-0.7480916030534351
0.7099236641221374
1.3969465648854962
0.4955997436523437
-0.4213794921875
-10.47702646484375
439
-0.6030534351145038
0.03816793893129771
0.44274809160305345
0.5913678100585937
-0.833182177734375
-10.848127722167968
440
-2.1526717557251906
-1.8702290076335877
1.9389312977099236
0.7158662963867187
0.08858546142578125
-10.716446630859375
441
-2.7404580152671754
0.1984732824427481
0.7099236641221374
0.34237083740234375
0.5746083984375
-10.398017810058594
442
-2.2213740458015265
0.13740458015267176
-1.8931297709923665
0.38786066894531246
-0.33039982910156246
-10.82179150390625
443
-2.183206106870229
0.3816793893129771
1.8473282442748091
0.5913678100585937
-0.11731588134765625
-10.414777221679687
444
-1.5419847328244274
0.9694656488549618
0.2366412213740458
0.4381389038085937
0.40462008056640625
-10.314220751953124
445
-1.5725190839694656
0.9083969465648855
0.8702290076335878
0.35194764404296874
-0.2753331909179687
-10.505756884765624
446
-1.6870229007633588
0.916030534351145
-0.22137404580152673
0.6081272216796875
-0.2753331909179687
-10.544064111328124
447
-1.366412213740458
0.9236641221374046
-0.816793893129771
0.36631285400390623
0.17956512451171874
-10.453084448242187
448
-1.5190839694656488
0.46564885496183206
0.9389312977099237
0.35673604736328124
0.05985504150390625
-10.50815108642578
449
-1.3969465648854962
0.13740458015267176
1.4580152671755726
0.9433154541015625
-0.3184288208007812
-10.575188732910156
450
-0.8244274809160306
-1.1603053435114503
0.0
0.7350199096679687
-0.08379705810546874
-10.596736547851561
451
-1.450381679389313
0.24427480916030533
1.1068702290076335
0.12689268798828124
0.39743747558593745
-10.369287390136718
452
-2.5877862595419847
-0.21374045801526717
1.5419847328244274
0.5746083984375
-0.30406361083984373
-10.68053360595703
453
-1.7557251908396947
1.9236641221374047
0.6335877862595419
0.5770026000976562
-0.24181436767578124
-10.572794531249999
454
-1.9083969465648856
0.4198473282442748
0.9236641221374046
0.38307226562499996
0.1580173095703125
-10.342951171874999
455
-2.183206106870229
0.8320610687022901
1.5801526717557253
0.3806780639648437
0.05027823486328125
-10.455478649902343
456
-1.7709923664122138
-1.7404580152671756
1.2366412213740459
0.6727706665039062
-0.1867477294921875
-10.726023437499999
457
-1.282442748091603
0.20610687022900764
3.7557251908396947
0.47165772705078124
-0.05985504150390625
-10.474632263183594
458
-1.4732824427480915
0.7404580152671756
3.480916030534351
0.3447650390625
0.2753331909179687
-10.369287390136718
459
-1.3129770992366412
-1.7404580152671756
2.763358778625954
0.7517793212890624
-0.33518823242187495
-10.66856259765625
460
-1.549618320610687
-0.26717557251908397
2.2748091603053435
0.7637503295898437
-0.277727392578125
-10.560823522949217
461
-2.0763358778625953
1.6412213740458015
3.786259541984733
0.37828386230468747
0.28730419921875
-10.539275708007812
462
-1.534351145038168
-1.9541984732824427
0.6946564885496184
0.28969840087890625
-0.047884033203124995
-10.606313354492187
463
-1.618320610687023
-0.2824427480916031
0.17557251908396945
0.6200982299804687
-0.44532150878906246
-10.596736547851561
464
-1.6488549618320612
-0.007633587786259542
0.8778625954198473
0.4213794921875
0.3112462158203125
-10.259154113769531
465
-1.7328244274809161
0.42748091603053434
1.450381679389313
0.6105214233398437
-0.05985504150390625
-10.639832177734375
466
-0.9389312977099237
-1.9541984732824427
1.2290076335877862
0.6871358764648438
-0.5674257934570313
-10.522516296386717
467
-1.5877862595419847
0.007633587786259542
1.0763358778625953
0.5793968017578125
-0.047884033203124995
-10.690110412597656
468
-1.618320610687023
0.4961832061068702
1.282442748091603
0.2154781494140625
-0.03591302490234375
-10.328585961914062
469
-1.618320610687023
0.6870229007633588
0.7786259541984732
0.5698199951171875
-0.5674257934570313
-10.532093103027343
470
-3.7938931297709924
0.37404580152671757
0.22900763358778625
0.8403647827148437
0.06464344482421874
-10.484209069824217
471
-1.5648854961832062
0.44274809160305345
1.0610687022900764
0.41419688720703124
0.22026655273437498
-10.402806213378906
472
-1.6946564885496183
-1.916030534351145
0.8549618320610687
0.45968671875
-0.0430956298828125
-10.714052429199219
473
-3.50381679389313
1.7404580152671756
-0.1297709923664122
0.5722141967773438
-0.2154781494140625
-10.50815108642578
474
-1.3893129770992367
0.183206106870229
0.3816793893129771
0.4740519287109375
0.27293898925781246
-10.304643945312499
475
-1.2442748091603053
0.7633587786259542
0.7633587786259542
0.21787235107421873
0.1292868896484375
-10.184933862304687
476
-0.7251908396946565
1.9312977099236641
0.7633587786259542
0.4261678955078125
-0.6847416748046875
-10.771513269042968
477
-2.450381679389313
0.16793893129770993
0.7862595419847328
0.3327940307617187
0.23223756103515625
-10.491391674804687
478
-2.6106870229007635
0.15267175572519084
1.0534351145038168
0.4429273071289062
0.5482721801757812
-10.46984385986328
479
-1.83206106870229
-1.465648854961832
1.3893129770992367
0.3806780639648437
0.32561142578124996
-10.682927807617187
480
-1.0229007633587786
-0.04580152671755725
1.2900763358778626
0.4381389038085937
-0.3902548706054687
-10.611101757812499
481
-1.0381679389312977
-0.05343511450381679
0.816793893129771
0.3687070556640625
-0.5865794067382812
-10.819397302246093
482
-1.6946564885496183
0.648854961832061
1.6564885496183206
0.7541735229492187
-0.3854664672851562
-10.453084448242187
483
-1.8931297709923665
0.8549618320610687
1.8778625954198473
0.6081272216796875
0.29927520751953124
-10.304643945312499
484
-1.83206106870229
0.8015267175572519
0.7251908396946565
0.5913678100585937
-0.016759411621093748
-10.548852514648438
485
-1.8778625954198473
-1.9312977099236641
0.5267175572519084
0.6009446166992187
-0.41898529052734373
-10.551246716308594
486
-0.9770992366412213
1.702290076335878
-0.3816793893129771
0.7589619262695312
-0.430956298828125
-10.436325036621094
487
-1.6641221374045803
1.7786259541984732
0.022900763358778626
0.4908113403320312
0.11013327636718749
-10.453084448242187
488
-2.4656488549618323
0.21374045801526717
0.8015267175572519
0.2059013427734375
0.5291185668945312
-10.204087475585936
489
-0.030534351145038167
0.6870229007633588
-1.4885496183206106
0.39264907226562495
-0.28490999755859375
-10.71884083251953
490
-1.6488549618320612
0.6106870229007634
-0.33587786259541985
0.8571241943359375
-0.6823474731445313
-10.62307276611328
491
-1.5190839694656488
0.3053435114503817
-0.7633587786259542
0.7398083129882812
0.06464344482421874
-10.548852514648438
492
-1.5725190839694656
0.2748091603053435
1.6488549618320612
0.430956298828125
0.28012159423828126
-10.187328063964843
493
-2.1603053435114505
1.0763358778625953
-0.08396946564885496
0.11252747802734374
0.39264907226562495
-10.71884083251953
494
-1.6870229007633588
0.40458015267175573
-1.816793893129771
0.6775590698242188
-0.3399766357421875
-10.697293017578124
495
-1.282442748091603
-0.24427480916030533
0.3435114503816794
0.6775590698242188
-0.33518823242187495
-10.692504614257812
496
-1.549618320610687
0.45038167938931295
0.1450381679389313
0.5434837768554687
-0.08140285644531249
-10.453084448242187
497
-2.015267175572519
0.03816793893129771
0.6564885496183206
0.51714755859375
0.12689268798828124
-10.345345373535155
498
-0.21374045801526717
0.2595419847328244
-0.09923664122137404
0.4740519287109375
0.1484405029296875
-10.606313354492187
499
-1.2671755725190839
-0.1450381679389313
0.816793893129771
0.33758243408203126
-0.4333505004882812
-10.8409451171875
500
-1.4274809160305344
0.3053435114503817
0.3435114503816794
0.5961562133789062
0.1005564697265625
-10.474632263183594
