1
-5.267175572519084
0.022900763358778626
1.1526717557251909
1.2808978881835937
7.161057165527343
-6.351817004394531
2
-4.236641221374046
3.801526717557252
0.9312977099236641
1.2952630981445312
7.098807922363281
-6.5768719604492185
3
-2.1603053435114505
5.00763358778626
0.3511450381679389
1.39821376953125
7.019799267578125
-6.308721374511719
4
-0.7709923664122137
4.770992366412214
-0.4732824427480916
1.5011644409179687
7.0844427124023435
-6.2392895263671875
5
-0.1450381679389313
2.6717557251908395
-0.7709923664122137
1.5179238525390624
7.0844427124023435
-6.215347509765625
6
0.22900763358778625
1.0763358778625953
-1.465648854961832
1.5251064575195312
7.149086157226562
-6.241683728027343
7
0.26717557251908397
-0.1450381679389313
-0.03816793893129771
1.4508862060546874
7.137115148925781
-6.399701037597656
8
0.0916030534351145
-1.2442748091603053
-1.8015267175572518
1.6472107421875
7.1203557373046875
-6.131550451660156
9
-0.5190839694656488
-2.198473282442748
-1.4732824427480915
1.5083470458984374
7.0652890991210935
-6.320692382812499
10
-0.31297709923664124
-3.068702290076336
-1.3969465648854962
1.4341267944335936
6.967126831054687
-6.512228515625
11
-0.5877862595419847
-1.717557251908397
-1.3282442748091603
1.2306196533203124
7.050923889160156
-6.519411120605469
12
-0.2900763358778626
0.7633587786259542
-1.2900763358778626
1.3407529296874998
7.0102224609374995
-6.6319385986328125
13
-0.5419847328244275
2.877862595419847
-0.6946564885496184
1.2832920898437499
7.003039855957031
-6.5505357421875
14
-2.236641221374046
4.015267175572519
-0.3282442748091603
1.2976572998046874
6.885723974609375
-6.394912634277343
15
-3.3435114503816794
3.687022900763359
-0.37404580152671757
1.1635820068359375
7.029376074218749
-6.3901242309570305
16
-3.763358778625954
3.6412213740458017
0.13740458015267176
1.2378022583007813
7.173028173828125
-6.342240197753906
17
-2.954198473282443
3.6946564885496183
0.3282442748091603
1.3215993164062498
7.168239770507812
-6.327874987792969
18
-1.7328244274809161
3.66412213740458
0.10687022900763359
1.3311761230468748
7.0844427124023435
-6.418854650878906
19
-0.9312977099236641
3.0839694656488548
0.07633587786259542
1.3551181396484375
7.094019519042968
-6.375759020996093
20
-0.9770992366412213
3.2748091603053435
0.030534351145038167
1.3646949462890625
6.957550024414062
-6.564900952148437
21
-1.5877862595419847
3.8244274809160306
-0.24427480916030533
1.388636962890625
6.9719152343749995
-6.471527087402343
22
-2.0229007633587788
4.412213740458015
-0.3053435114503817
1.4125789794921875
6.926425402832031
-6.490680700683593
23
-1.9083969465648856
4.5038167938931295
0.17557251908396945
1.458068811035156
7.070077502441406
-6.457161877441406
24
-2.49618320610687
4.015267175572519
0.2366412213740458
1.4317325927734375
7.003039855957031
-6.742071875
25
-3.7709923664122136
3.6717557251908395
-0.2366412213740458
1.3623007446289062
7.022193469238281
-6.5026517089843745
26
-4.305343511450381
5.7251908396946565
-0.31297709923664124
1.2808978881835937
6.9168485961914055
-6.284779357910156
27
-3.6412213740458017
2.83206106870229
-0.11450381679389313
1.2473790649414063
7.000645654296875
-6.426037255859375
28
-3.282442748091603
2.6946564885496183
-0.11450381679389313
1.22583125
7.024587670898437
-6.562506750488281
29
-3.2442748091603053
3.2900763358778624
-0.05343511450381679
1.3575123413085937
6.9360022094726554
-6.449979272460937
30
-3.2900763358778624
3.763358778625954
-0.40458015267175573
1.5251064575195312
7.036558679199218
-6.509834313964843
31
-2.5343511450381677
1.9694656488549618
-0.48854961832061067
1.3311761230468748
6.974309436035155
-6.296750366210937
32
-2.030534351145038
2.0076335877862594
-0.3893129770992366
1.4867992309570313
6.9719152343749995
-6.421248852539062
33
-2.404580152671756
3.4885496183206106
-0.6259541984732825
1.446097802734375
7.0844427124023435
-6.394912634277343
34
-2.1908396946564888
3.053435114503817
-0.5801526717557252
1.4939818359375
7.055712292480468
-6.366182214355469
35
-2.435114503816794
2.5572519083969465
-0.183206106870229
1.484405029296875
7.091625317382812
-6.342240197753906
36
-2.16793893129771
2.2519083969465647
-0.03816793893129771
1.3910311645507811
7.034164477539062
-6.421248852539062
37
-1.183206106870229
3.0763358778625953
1.8778625954198473
1.448492004394531
7.216123803710937
-6.380547424316406
38
-0.007633587786259542
3.33587786259542
-0.183206106870229
1.5083470458984374
7.031770275878906
-6.440402465820312
39
-0.13740458015267176
3.6946564885496183
-0.2748091603053435
1.5155296508789062
7.015010864257812
-6.452373474121093
40
-0.8778625954198473
3.8396946564885495
-0.4732824427480916
1.4604630126953124
7.0461354858398435
-6.299144567871093
41
-1.6641221374045803
4.099236641221374
-0.3435114503816794
1.4101847778320311
7.074865905761718
-6.356605407714843
42
-1.7709923664122138
3.854961832061069
-1.9083969465648856
1.4532804077148436
7.022193469238281
-6.325480786132812
43
-0.9847328244274809
3.404580152671756
0.5648854961832062
1.4006079711914061
7.005434057617187
-6.380547424316406
44
-1.9465648854961832
3.2595419847328246
0.3893129770992366
1.3934253662109375
7.189787585449218
-6.260837341308593
45
0.8931297709923665
3.595419847328244
-1.8702290076335877
1.2737152832031249
7.058106494140625
-6.3973068359375
46
0.732824427480916
3.0
-0.1297709923664122
1.4628572143554686
6.924031201171875
-6.330269189453125
47
0.4580152671755725
2.7404580152671754
0.2900763358778626
1.4221557861328125
7.192181787109375
-6.325480786132812
48
0.3511450381679389
2.9923664122137406
0.6717557251908397
1.3215993164062498
6.940790612792968
-6.514622717285156
49
0.19083969465648856
3.717557251908397
-0.1984732824427481
1.4006079711914061
7.012616662597656
-6.380547424316406
50
0.4732824427480916
3.2213740458015265
-1.3129770992366412
1.6615759521484375
7.1586629638671875
-6.2009822998046875
51
3.4580152671755724
0.9236641221374046
-1.5954198473282444
1.3551181396484375
7.295132458496093
-6.505045910644531
52
6.099236641221374
0.7786259541984732
-0.31297709923664124
1.3263877197265623
7.132326745605468
-6.555324145507812
53
8.51908396946565
0.4732824427480916
0.5419847328244275
1.5179238525390624
7.187393383789062
-6.141127258300781
54
10.274809160305344
-1.0916030534351144
1.8549618320610688
1.6160861206054686
7.055712292480468
-6.193799694824218
55
9.854961832061068
-3.900763358778626
3.969465648854962
1.3958195678710936
7.062894897460937
-6.600813977050781
56
11.870229007633588
1.9389312977099236
6.656488549618321
1.3311761230468748
7.050923889160156
-7.194575988769531
57
13.244274809160306
7.038167938931298
10.404580152671755
1.3192051147460937
7.180210778808593
-7.012616662597656
58
15.84732824427481
11.549618320610687
12.099236641221374
1.47482822265625
6.921636999511718
-6.809109521484374
59
17.786259541984734
13.251908396946565
11.732824427480915
1.5682020874023437
6.828263134765624
-6.663063220214843
60
19.358778625954198
13.557251908396946
14.022900763358779
1.6424223388671875
6.60799658203125
-6.536170532226562
61
20.66412213740458
11.099236641221374
10.80916030534351
1.6424223388671875
6.5026517089843745
-6.191405493164062
62
21.885496183206108
6.473282442748092
7.061068702290076
1.4053963745117186
6.801926916503906
-6.6319385986328125
63
22.229007633587788
0.31297709923664124
5.732824427480916
1.714248388671875
6.196193896484375
-6.461950280761719
64
20.595419847328245
-7.580152671755725
1.1297709923664123
1.85790048828125
6.186617089843749
-6.72291826171875
65
17.931297709923665
-12.122137404580153
-0.10687022900763359
1.8028338500976562
6.330269189453125
-7.321468676757812
66
17.50381679389313
-12.488549618320612
-5.396946564885496
1.7166425903320313
6.217741711425781
-7.613561279296874
67
17.595419847328245
-10.282442748091603
-7.66412213740458
1.7357962036132812
6.141127258300781
-7.625532287597656
68
17.870229007633586
-8.282442748091603
-9.51908396946565
1.7190367919921874
6.124367846679687
-7.71890615234375
69
16.206106870229007
-6.977099236641221
-10.290076335877863
1.7693150268554687
6.198588098144531
-7.587225061035156
70
12.587786259541986
-6.374045801526718
-9.396946564885496
1.8914193115234375
6.093243225097656
-7.68059892578125
71
7.1679389312977095
-5.67175572519084
-8.435114503816793
1.7286135986328124
6.311115576171875
-7.364564306640625
72
2.8091603053435112
-6.793893129770993
-4.648854961832061
1.9584569580078124
5.700594152832031
-7.9272016967773435
73
-7.229007633587786
-6.717557251908397
-3.2595419847328246
1.5945383056640625
6.141127258300781
-7.659051110839843
74
-6.931297709923665
-2.8091603053435112
-2.3893129770992365
1.4867992309570313
6.0908490234374995
-7.8721350585937495
75
0.3969465648854962
2.1755725190839694
-2.183206106870229
1.2713210815429687
6.433219860839843
-7.999027746582031
76
5.8396946564885495
4.763358778625954
-1.183206106870229
1.1372457885742187
6.057330200195312
-7.721300354003906
77
5.022900763358779
5.1679389312977095
-1.6030534351145038
1.3096283081054687
5.906495495605468
-7.448361364746093
78
0.366412213740458
1.4274809160305344
-5.290076335877862
1.4700398193359374
6.019022973632812
-8.47786807861328
79
6.374045801526718
0.366412213740458
-6.244274809160306
1.3718775512695311
5.623979699707031
-7.182604980468749
80
5.465648854961832
-3.6259541984732824
-10.404580152671755
1.3766659545898436
5.57370146484375
-6.830657336425781
81
1.3435114503816794
-7.961832061068702
-10.725190839694656
1.1156979736328125
5.722141967773437
-7.620743884277343
82
2.7480916030534353
-6.419847328244275
-10.351145038167939
1.1563994018554686
6.366182214355469
-8.104372619628906
83
5.00763358778626
-5.290076335877862
-6.709923664122138
1.1731588134765625
6.330269189453125
-7.37414111328125
84
4.847328244274809
-1.6412213740458015
-4.7251908396946565
0.9935936889648437
6.066907006835937
-7.793126403808594
85
4.488549618320611
1.7099236641221374
-3.099236641221374
1.0678139404296874
6.042964990234375
-7.625532287597656
86
6.083969465648855
2.9160305343511452
-1.534351145038168
1.1276689819335937
6.373364819335937
-7.340622290039062
87
7.984732824427481
2.1908396946564888
2.2213740458015265
1.0941501586914062
6.507440112304687
-7.350199096679687
88
9.206106870229007
2.122137404580153
6.564885496183206
0.9792284790039062
6.284779357910156
-7.371746911621093
89
12.17557251908397
2.7557251908396947
8.80916030534351
1.1731588134765625
6.205770703124999
-7.678204724121093
90
15.122137404580153
3.7938931297709924
10.954198473282442
1.1731588134765625
6.105214233398437
-7.541735229492187
91
16.557251908396946
4.549618320610687
12.061068702290076
1.0558429321289062
5.7891796142578125
-7.771578588867187
92
14.15267175572519
3.8625954198473282
12.022900763358779
1.1348515869140625
5.4899044067382805
-7.429207751464843
93
12.610687022900763
0.6335877862595419
11.603053435114504
1.2497732666015624
5.087678527832031
-7.40526573486328
94
12.16030534351145
-1.7251908396946565
5.694656488549619
1.1611878051757811
5.315127685546875
-7.584830859375
95
15.305343511450381
-3.366412213740458
3.633587786259542
1.0941501586914062
5.6574985229492185
-7.671022119140624
96
18.786259541984734
-3.122137404580153
2.0763358778625953
0.8475473876953125
5.389347937011719
-8.250418920898436
97
20.045801526717558
-1.2595419847328244
-0.6259541984732825
0.9888052856445312
5.149927770996094
-8.022969763183593
98
19.641221374045802
-0.7099236641221374
-3.1526717557251906
1.1348515869140625
5.286397265624999
-7.752424975585937
99
19.076335877862597
-2.1908396946564888
-3.1374045801526718
1.2952630981445312
5.446808776855469
-8.188169677734374
100
16.129770992366414
-2.2977099236641223
-2.854961832061069
1.218648645019531
4.946420629882812
-8.578424548339843
101
11.664122137404581
1.2290076335877862
-2.816793893129771
1.3072341064453123
4.8889597900390624
-7.754819177246094
102
16.946564885496183
1.8778625954198473
-3.236641221374046
0.7900865478515624
5.875370874023437
-8.734047656249999
103
10.061068702290076
-5.068702290076335
-3.877862595419847
0.8882488159179687
5.487510205078125
-8.279149340820313
104
5.885496183206107
-4.854961832061068
-1.2290076335877862
0.8164227661132812
4.984727856445312
-7.994239343261718
105
7.709923664122138
-5.396946564885496
-2.8625954198473282
1.1611878051757811
5.193023400878906
-8.015787158203125
106
9.526717557251908
-6.183206106870229
-3.1068702290076335
1.1037269653320312
5.073313317871094
-8.267178332519531
107
12.793893129770993
-4.190839694656488
-2.687022900763359
1.0749965454101562
5.336675500488281
-8.403647827148436
108
17.213740458015266
-1.6870229007633588
-2.3587786259541983
0.9097966308593749
5.2648494506835934
-8.520963708496094
109
20.702290076335878
-1.9389312977099236
-2.1068702290076335
0.8690952026367187
5.011064074707031
-8.374917407226562
110
19.900763358778626
0.3969465648854962
-1.1450381679389312
0.9361328491210937
4.946420629882812
-8.152256652832031
111
17.69465648854962
-1.2748091603053435
-0.2366412213740458
0.9744400756835937
4.661510632324219
-8.33182177734375
112
16.946564885496183
-3.4198473282442747
-2.2290076335877864
1.0366893188476562
4.314351391601562
-8.655039001464843
113
17.954198473282442
-4.648854961832061
-4.259541984732825
1.218648645019531
4.527435339355469
-8.777143286132812
114
18.65648854961832
-5.5038167938931295
-5.2748091603053435
1.0295067138671874
4.405331054687499
-8.571241943359375
115
18.96946564885496
-5.0534351145038165
-7.175572519083969
0.8475473876953125
4.335899206542969
-8.882488159179687
116
16.786259541984734
-3.6412213740458017
-8.244274809160306
0.8188169677734375
4.544194750976562
-8.710105639648438
117
13.778625954198473
-3.4427480916030535
-7.824427480916031
0.8475473876953125
4.5585599609375
-8.473079675292968
118
13.106870229007633
-5.32824427480916
-6.190839694656488
0.7062894897460937
4.6351744140625
-8.43956085205078
119
13.770992366412214
-5.748091603053435
-6.396946564885496
0.7422025146484375
4.453215087890625
-8.705317236328124
120
15.106870229007633
-5.213740458015267
-5.877862595419847
0.6967126831054687
4.465186096191406
-8.568847741699217
121
16.984732824427482
-7.816793893129771
-5.442748091603053
0.70868369140625
4.431667272949219
-8.537723120117187
122
17.83206106870229
-5.870229007633588
-5.099236641221374
0.5243301635742187
4.285620971679688
-8.86094034423828
123
17.946564885496183
-4.923664122137405
-5.083969465648855
0.6057330200195312
3.8474820678710935
-8.913612780761719
124
17.35114503816794
-3.5877862595419847
-5.679389312977099
0.6153098266601562
3.8091748413085935
-9.02135185546875
125
16.17557251908397
-2.595419847328244
-6.473282442748092
0.5003881469726562
4.127603662109375
-8.710105639648438
126
15.992366412213741
-1.3282442748091603
-8.267175572519085
0.6009446166992187
3.6583401367187496
-8.82981572265625
127
18.27480916030534
-0.9694656488549618
-10.664122137404581
0.30885201416015623
3.902548706054687
-9.014169250488282
128
20.045801526717558
-0.030534351145038167
-10.297709923664122
0.34715924072265625
3.845087866210937
-8.971073620605468
129
22.748091603053435
0.15267175572519084
-10.564885496183207
0.4860229370117187
3.9887399658203124
-8.827421520996094
130
23.0381679389313
0.8625954198473282
-9.48091603053435
0.5458779785156249
3.210624426269531
-8.95670841064453
131
25.17557251908397
0.04580152671755725
-8.17557251908397
0.5746083984375
3.526659045410156
-9.062053283691405
132
23.81679389312977
0.40458015267175573
-5.877862595419847
0.3591302490234375
4.273649963378906
-9.153032946777342
133
23.358778625954198
1.0763358778625953
-2.5343511450381677
0.3687070556640625
3.69664736328125
-9.188945971679686
134
17.610687022900763
0.7786259541984732
0.7938931297709924
0.5602431884765625
3.555389465332031
-9.038111267089842
135
15.274809160305344
1.3206106870229009
1.4351145038167938
0.3950432739257812
3.6367923217773437
-8.98304462890625
136
16.778625954198475
1.2061068702290076
2.4427480916030535
0.2920926025390625
3.787627026367187
-8.786720092773438
137
21.076335877862597
1.6412213740458015
4.236641221374046
0.36152445068359373
3.4548329956054684
-9.306261853027344
138
22.297709923664122
2.435114503816794
3.954198473282443
0.2346317626953125
2.9975404785156248
-9.404424121093749
139
18.076335877862597
3.099236641221374
5.221374045801527
0.4429273071289062
2.6312276245117188
-9.121908325195312
140
13.938931297709924
2.0763358778625953
4.343511450381679
0.3854664672851562
2.6048914062499997
-9.188945971679686
141
11.229007633587786
0.9541984732824428
1.717557251908397
0.19632453613281248
2.29843359375
-9.528922607421874
142
10.893129770992367
2.030534351145038
-1.1603053435114503
0.23702596435546874
2.592920397949219
-9.392453112792968
143
12.022900763358779
2.7709923664122136
-3.687022900763359
0.4381389038085937
2.602497204589844
-9.315838659667968
144
15.351145038167939
2.816793893129771
-4.122137404580153
0.33039982910156246
2.7269956909179687
-9.641450085449218
145
18.954198473282442
4.3893129770992365
-4.748091603053435
0.4333505004882812
2.5450363647460934
-9.627084875488281
146
20.404580152671755
7.465648854961832
-6.854961832061068
0.2442085693359375
2.379836450195312
-9.758765966796874
147
20.786259541984734
10.030534351145038
-8.770992366412214
0.3112462158203125
2.2002713256835937
-9.296685046386719
148
23.15267175572519
12.297709923664122
-10.030534351145038
0.00239420166015625
2.300827795410156
-9.337386474609374
149
25.740458015267176
11.816793893129772
-9.664122137404581
0.3854664672851562
2.463633508300781
-9.514557397460937
150
26.435114503816795
11.16793893129771
-9.86259541984733
0.3184288208007812
2.5809493896484375
-9.56962403564453
151
24.137404580152673
12.129770992366412
-7.145038167938932
0.39264907226562495
2.722207287597656
-9.421183532714844
152
22.31297709923664
10.557251908396946
-3.236641221374046
0.55545478515625
2.3870190551757813
-9.282319836425781
153
20.30534351145038
8.473282442748092
-2.0381679389312977
0.5339069702148437
2.1787235107421874
-9.564835632324218
154
16.931297709923665
7.183206106870229
-0.48091603053435117
0.5674257934570313
2.0877438476562498
-9.373299499511718
155
15.236641221374045
5.343511450381679
0.816793893129771
0.5243301635742187
1.879448303222656
-9.445125549316407
156
14.694656488549619
4.3816793893129775
-0.44274809160305345
0.46686932373046874
1.6065093139648436
-9.909600671386718
157
13.213740458015268
4.442748091603053
-2.5801526717557253
0.6751648681640625
1.5921441040039062
-9.94072529296875
158
11.65648854961832
4.099236641221374
-2.49618320610687
0.5698199951171875
1.649604943847656
-9.919177478027343
159
10.213740458015268
4.404580152671755
-3.480916030534351
0.47644613037109373
1.6400281372070311
-9.8449572265625
160
9.557251908396946
4.641221374045801
-5.083969465648855
0.5626373901367188
1.668758557128906
-9.737218151855469
161
10.49618320610687
3.7022900763358777
-4.9465648854961835
0.46208092041015625
1.7286135986328124
-9.730035546875
162
12.786259541984732
2.8625954198473282
-4.854961832061068
0.5386953735351562
1.7310078002929687
-9.610325463867188
163
15.229007633587786
2.480916030534351
-3.969465648854962
0.5674257934570313
1.7621324218749999
-9.718064538574218
164
17.84732824427481
2.1297709923664123
-2.145038167938931
0.6943184814453125
1.5538368774414062
-9.548076220703125
165
19.213740458015266
1.3053435114503817
-3.7099236641221376
0.584185205078125
1.120486376953125
-9.533711010742186
166
18.374045801526716
-0.1297709923664122
-3.969465648854962
0.4860229370117187
1.1851298217773436
-9.512163195800781
167
17.755725190839694
-1.7633587786259541
-6.366412213740458
0.5243301635742187
1.1707646118164061
-9.516951599121093
168
19.419847328244273
-3.1603053435114505
-7.404580152671755
0.47165772705078124
1.0199299072265624
-9.677363110351562
169
17.9618320610687
-3.4732824427480917
-9.267175572519085
0.40940848388671874
0.7757213378906249
-9.763554370117188
170
19.18320610687023
-3.717557251908397
-10.740458015267176
0.354341845703125
1.1563994018554686
-9.600748657226562
171
21.045801526717558
-4.106870229007634
-11.664122137404581
0.32082302246093747
1.1324573852539062
-9.686939916992188
172
22.3206106870229
-4.3893129770992365
-9.32824427480916
0.181959326171875
0.9026140258789062
-9.682151513671874
173
23.82442748091603
-3.6946564885496183
-9.946564885496183
0.3758896606445312
0.9169792358398436
-9.53131680908203
174
25.015267175572518
-3.9770992366412212
-9.961832061068701
0.19393033447265623
0.5626373901367188
-9.655815295410155
175
25.221374045801525
-3.4580152671755724
-9.16030534351145
0.18435352783203124
0.6368576416015624
-9.543287817382812
176
23.114503816793892
-3.885496183206107
-8.412213740458014
0.143652099609375
0.6488286499023437
-9.76116016845703
177
21.221374045801525
-4.6106870229007635
-6.793893129770993
0.229843359375
0.5578489868164063
-9.660603698730467
178
19.213740458015266
-4.129770992366412
-7.427480916030534
0.19393033447265623
0.2825157958984375
-9.835380419921874
179
17.267175572519083
-2.1526717557251906
-8.15267175572519
0.2561795776367187
0.1005564697265625
-9.938331091308592
180
16.564885496183205
0.9770992366412213
-8.312977099236642
0.22505495605468748
0.2705447875976562
-9.76116016845703
181
15.732824427480915
3.4656488549618323
-8.13740458015267
0.07422025146484375
0.3136404174804687
-9.588777648925781
182
21.229007633587788
4.4961832061068705
-6.648854961832061
0.05985504150390625
0.16280571289062498
-9.765948571777344
183
23.87786259541985
5.106870229007634
-7.282442748091603
-0.14125789794921875
-0.30406361083984373
-9.859322436523437
184
24.51145038167939
4.2748091603053435
-8.961832061068701
0.1197100830078125
-0.33039982910156246
-9.612719665527344
185
23.35114503816794
2.6106870229007635
-11.67175572519084
0.06464344482421874
-0.2537853759765625
-9.387664709472656
186
22.129770992366414
1.0610687022900764
-10.610687022900763
0.28490999755859375
-0.201112939453125
-9.418789331054686
187
22.50381679389313
-0.22900763358778625
-8.702290076335878
0.2609679809570312
-0.10295067138671875
-9.82580361328125
188
23.893129770992367
-1.8778625954198473
-6.633587786259542
0.2442085693359375
-0.28490999755859375
-9.981426721191406
189
23.251908396946565
-2.7786259541984735
-5.67175572519084
0.21787235107421873
-0.603338818359375
-10.077194787597655
190
20.389312977099237
-2.8702290076335877
-4.580152671755725
0.28012159423828126
-0.7541735229492187
-9.868899243164062
191
17.770992366412212
-2.5572519083969465
-3.198473282442748
0.2657563842773437
-0.7134720947265625
-10.091559997558592
192
17.519083969465647
-0.732824427480916
-3.50381679389313
0.2825157958984375
-0.8643067993164062
-10.156203442382813
193
17.236641221374047
-0.32061068702290074
-3.267175572519084
0.32082302246093747
-0.6368576416015624
-10.067617980957031
194
20.290076335877863
-1.4809160305343512
-2.6259541984732824
0.42377369384765623
-0.7996633544921875
-10.101136804199218
195
21.045801526717558
-0.8702290076335878
-0.4961832061068702
0.0909796630859375
-0.4836287353515625
-10.28549033203125
196
22.198473282442748
1.717557251908397
3.969465648854962
0.11731588134765625
-0.5147533569335937
-10.000580334472655
197
24.610687022900763
1.9389312977099236
3.5267175572519083
0.3447650390625
-1.1468225952148436
-9.897629663085937
198
23.52671755725191
0.22900763358778625
2.0610687022900764
0.3495534423828125
-1.2306196533203124
-9.533711010742186
199
20.52671755725191
-3.7251908396946565
1.786259541984733
0.33758243408203126
-1.7310078002929687
-9.923965881347655
200
17.72519083969466
-5.061068702290076
-1.9236641221374047
0.05027823486328125
-1.5251064575195312
-9.641450085449218
201
19.519083969465647
-4.893129770992366
-2.900763358778626
0.016759411621093748
-1.39821376953125
-9.557653027343749
202
21.282442748091604
-5.030534351145038
-3.2213740458015265
0.143652099609375
-1.2521674682617188
-9.765948571777344
203
23.740458015267176
-5.0
-2.2213740458015265
-0.1484405029296875
-1.7453730102539062
-9.813832604980469
204
24.14503816793893
-5.038167938931298
-3.351145038167939
-0.086191259765625
-1.9680337646484374
-9.619902270507811
205
23.061068702290076
-5.625954198473282
-4.778625954198473
-0.16280571289062498
-1.8028338500976562
-9.603142858886718
206
23.091603053435115
-6.824427480916031
-4.885496183206107
-0.2705447875976562
-1.9009961181640624
-9.811438403320311
207
22.458015267175572
-6.847328244274809
-5.259541984732825
-0.19393033447265623
-2.0159177978515626
-9.6151138671875
208
19.770992366412212
-8.435114503816793
-4.648854961832061
-0.22744915771484372
-2.032677209472656
-9.394847314453125
209
15.770992366412214
-9.740458015267176
-1.6488549618320612
-0.24660277099609373
-1.9105729248046874
-9.639055883789062
210
13.34351145038168
-7.786259541984733
0.9083969465648855
-0.16041151123046873
-1.9895815795898437
-9.744400756835937
211
13.16793893129771
-2.7938931297709924
-0.6259541984732825
-0.45010991210937495
-2.2744915771484373
-10.105925207519531
212
15.32824427480916
0.13740458015267176
-1.9618320610687023
-0.3136404174804687
-2.6048914062499997
-9.923965881347655
213
17.3206106870229
6.083969465648855
-6.229007633587786
-0.229843359375
-2.578555187988281
-9.744400756835937
214
19.083969465648856
7.0458015267175576
-7.076335877862595
-0.2346317626953125
-2.442085693359375
-9.677363110351562
215
19.671755725190838
4.534351145038168
-5.603053435114504
-0.28490999755859375
-2.501940734863281
-9.473855969238281
216
17.69465648854962
1.3206106870229009
-4.6183206106870225
-0.16280571289062498
-2.6719290527343746
-9.332598071289063
217
15.931297709923664
1.816793893129771
-5.175572519083969
-0.3064578125
-2.712630480957031
-9.342174877929686
218
17.49618320610687
-0.5877862595419847
-5.679389312977099
-0.258573779296875
-2.645592834472656
-9.509768994140625
219
16.587786259541986
-2.16793893129771
-5.427480916030534
-0.06943184814453125
-2.896984008789062
-9.481038574218749
220
17.229007633587788
-1.9312977099236641
-5.083969465648855
-0.29448680419921874
-2.8131869506835936
-9.349357482910156
221
18.366412213740457
-1.3893129770992367
-5.603053435114504
-0.4285620971679687
-2.901772412109375
-9.303867651367186
222
19.30534351145038
-0.7480916030534351
-6.587786259541985
-0.44532150878906246
-2.920926025390625
-9.303867651367186
223
20.34351145038168
-0.8320610687022901
-7.480916030534351
-0.201112939453125
-2.863465185546875
-9.33978067626953
224
19.87786259541985
-0.33587786259541985
-6.816793893129771
-0.354341845703125
-2.9041666137695312
-9.311050256347656
225
20.52671755725191
0.13740458015267176
-6.183206106870229
-0.43574470214843747
-2.990357873535156
-9.337386474609374
226
21.862595419847327
-0.9465648854961832
-4.916030534351145
-0.24899697265624998
-2.9735984619140625
-9.2320416015625
227
22.236641221374047
-1.5114503816793894
-2.1068702290076335
-0.3327940307617187
-3.1747114013671873
-9.270348828125
228
21.076335877862597
-0.1450381679389313
-1.1221374045801527
-0.469263525390625
-3.4524387939453125
-9.212887988281249
229
21.48854961832061
1.0687022900763359
-2.969465648854962
-0.5147533569335937
-3.5194764404296874
-9.287108239746093
230
23.603053435114504
0.45038167938931295
-3.801526717557252
-0.3447650390625
-3.459621398925781
-8.959102612304687
231
25.129770992366414
0.9847328244274809
-2.7557251908396947
-0.3902548706054687
-3.612850305175781
-9.402029919433593
232
24.81679389312977
1.1526717557251909
-1.3511450381679388
-0.2753331909179687
-3.763685009765625
-9.315838659667968
233
21.541984732824428
-0.42748091603053434
-2.1068702290076335
-0.17477672119140625
-4.029441394042968
-9.093177905273437
234
17.427480916030536
-1.6030534351145038
-4.404580152671755
-0.23223756103515625
-3.9360675292968748
-8.971073620605468
235
16.366412213740457
-2.786259541984733
-4.6106870229007635
-0.3280056274414062
-3.835511059570312
-9.1554271484375
236
17.068702290076335
-3.16793893129771
-4.198473282442748
-0.24181436767578124
-3.9456443359374997
-9.10993731689453
237
16.259541984732824
-2.7557251908396947
-3.7709923664122136
-0.105344873046875
-3.8953661010742184
-9.131485131835937
238
14.221374045801527
-0.8854961832061069
-2.2061068702290076
-0.02154781494140625
-4.168305090332031
-9.0788126953125
239
13.32824427480916
-0.007633587786259542
-0.816793893129771
-0.3016694091796875
-4.158728283691406
-8.904035974121093
240
16.83969465648855
-0.816793893129771
-1.0458015267175573
-0.373495458984375
-4.316745593261719
-8.607154968261717
241
20.587786259541986
-0.9923664122137404
-4.67175572519084
-0.4429273071289062
-4.491522314453125
-8.59278975830078
242
23.022900763358777
-0.12213740458015267
-7.396946564885496
-0.30885201416015623
-4.73094248046875
-8.99501563720703
243
21.72519083969466
0.5419847328244275
-7.511450381679389
-0.4477157104492187
-4.623203405761719
-8.702923034667968
244
22.366412213740457
2.0916030534351147
-6.1679389312977095
-0.5147533569335937
-4.060566015625
-8.966285217285156
245
20.053435114503817
4.343511450381679
-2.1603053435114505
-0.8834604125976562
-3.9312791259765625
-8.832209924316405
246
20.595419847328245
4.412213740458015
-1.099236641221374
-0.4429273071289062
-4.604049792480469
-8.602366564941406
247
17.82442748091603
4.320610687022901
-0.7786259541984732
-0.4740519287109375
-4.544194750976562
-8.79150849609375
248
17.580152671755727
5.3816793893129775
1.5877862595419847
-0.40462008056640625
-4.587290380859375
-8.729259252929687
249
20.427480916030536
6.4961832061068705
3.404580152671756
-0.3495534423828125
-4.479551306152343
-8.444349255371094
250
22.870229007633586
6.358778625954199
6.549618320610687
-0.316034619140625
-4.580107775878906
-8.508992700195313
251
23.412213740458014
7.33587786259542
8.16793893129771
-0.39264907226562495
-4.970362646484375
-8.590395556640624
252
22.236641221374047
8.786259541984732
6.106870229007634
-0.18435352783203124
-5.255272644042968
-8.288726147460936
253
23.38167938931298
8.526717557251908
5.740458015267175
-0.2753331909179687
-5.013458276367187
-8.276755139160155
254
20.213740458015266
7.358778625954199
8.65648854961832
-0.08858546142578125
-5.556942053222656
-8.607154968261717
255
20.236641221374047
6.297709923664122
10.076335877862595
-0.12449848632812499
-5.190629199218749
-8.192958081054687
256
20.923664122137403
5.961832061068702
7.877862595419847
-0.40222587890625
-5.367800122070312
-8.367734802246094
257
19.572519083969464
6.541984732824427
7.938931297709924
-0.354341845703125
-5.580884069824219
-8.252813122558594
258
17.81679389312977
6.557251908396947
9.732824427480915
-0.36631285400390623
-5.456385583496093
-8.097190014648437
259
17.885496183206108
6.1679389312977095
6.465648854961832
-0.296881005859375
-5.717353564453124
-8.295908752441406
260
19.18320610687023
6.068702290076335
4.229007633587786
-0.30885201416015623
-5.68862314453125
-8.291120349121094
261
20.885496183206108
5.961832061068702
2.9236641221374047
-0.3112462158203125
-5.7891796142578125
-8.116343627929687
262
23.763358778625953
4.541984732824427
1.0610687022900764
-0.3854664672851562
-5.925649108886718
-7.972691528320312
263
24.81679389312977
2.687022900763359
0.10687022900763359
-0.35194764404296874
-5.786785412597656
-8.003816149902343
264
22.27480916030534
2.099236641221374
0.19083969465648856
-0.6057330200195312
-5.762843395996094
-7.9463553100585935
265
18.229007633587788
2.3282442748091605
-0.3282442748091603
-0.296881005859375
-5.892130285644531
-7.745242370605468
266
16.35114503816794
1.297709923664122
1.6641221374045803
-0.2561795776367187
-5.76523759765625
-7.903259680175781
267
15.465648854961833
0.2595419847328244
3.0610687022900764
-0.15562310791015624
-6.021417175292968
-8.149862451171874
268
14.099236641221374
1.1297709923664123
2.572519083969466
-0.32082302246093747
-6.047753393554687
-7.915230688476562
269
15.442748091603054
0.1297709923664122
1.9541984732824427
-0.39743747558593745
-6.0716954101562495
-7.860164050292968
270
16.893129770992367
1.7557251908396947
5.786259541984733
-0.3447650390625
-6.011840368652344
-7.697358337402343
271
18.954198473282442
1.6946564885496183
5.633587786259542
-0.55545478515625
-6.76122548828125
-7.898471276855468
272
17.717557251908396
1.1526717557251909
3.2595419847328246
-0.3806780639648437
-6.687005236816406
-7.618349682617187
273
15.870229007633588
1.7633587786259541
1.6870229007633588
-0.5147533569335937
-6.299144567871093
-7.649474304199218
274
16.435114503816795
0.015267175572519083
1.2442748091603053
-0.3806780639648437
-6.452373474121093
-7.541735229492187
275
18.50381679389313
1.9465648854961832
1.5190839694656488
-0.4213794921875
-6.636727001953124
-7.601590270996093
276
16.610687022900763
1.7328244274809161
0.9541984732824428
-0.17956512451171874
-6.500257507324219
-7.280767248535156
277
12.961832061068701
-0.030534351145038167
-0.4351145038167939
-0.45968671875
-6.6319385986328125
-7.223306408691406
278
8.076335877862595
-4.587786259541985
-1.1984732824427482
-0.5363011718749999
-6.461950280761719
-7.599196069335937
279
3.7404580152671754
-4.7251908396946565
-0.9236641221374046
-0.59376201171875
-6.459556079101562
-7.697358337402343
280
3.8244274809160306
-3.381679389312977
-0.030534351145038167
-0.4381389038085937
-6.624755993652343
-7.563283044433593
281
2.435114503816794
-1.5725190839694656
-0.816793893129771
-0.5219359619140624
-6.64630380859375
-7.544129431152343
282
3.687022900763359
-0.48091603053435117
-2.0076335877862594
-0.6057330200195312
-6.471527087402343
-7.570465649414062
283
2.7557251908396947
1.1374045801526718
-1.0229007633587786
-0.5386953735351562
-6.323086584472656
-7.486668591308593
284
1.3282442748091603
1.633587786259542
0.3969465648854962
-0.47644613037109373
-6.347028601074219
-7.278373046874999
285
1.7404580152671756
1.4351145038167938
1.83206106870229
-0.5123591552734374
-6.643909606933593
-7.410054138183593
286
3.015267175572519
0.7862595419847328
3.8931297709923665
-0.7398083129882812
-6.892906579589844
-7.321468676757812
287
3.3282442748091605
0.10687022900763359
1.2748091603053435
-0.6488286499023437
-6.72291826171875
-7.091625317382812
288
1.4961832061068703
0.4732824427480916
0.44274809160305345
-0.7661445312499999
-6.68461103515625
-7.252036828613281
289
0.3053435114503817
3.0229007633587788
-0.8549618320610687
-0.6584054565429687
-6.830657336425781
-7.378929516601562
290
1.2748091603053435
4.809160305343512
-3.4427480916030535
-0.5674257934570313
-7.034164477539062
-7.299920861816406
291
1.9465648854961832
4.541984732824427
-4.526717557251908
-0.6272808349609375
-6.696582043457031
-7.331045483398437
292
-0.9541984732824428
1.9541984732824427
-4.305343511450381
-0.6536170532226562
-6.6151791870117185
-7.161057165527343
293
-7.259541984732825
2.3435114503816794
-3.5114503816793894
-0.469263525390625
-6.6702458251953125
-7.050923889160156
294
-11.938931297709924
1.366412213740458
-4.137404580152672
-0.469263525390625
-6.720524060058593
-7.182604980468749
295
-18.923664122137403
0.8625954198473282
-4.908396946564886
-0.5985504150390625
-6.488286499023437
-7.323862878417969
296
-22.68702290076336
0.7099236641221374
-3.5877862595419847
-0.7589619262695312
-6.318298181152343
-7.3549875
297
-25.213740458015266
1.5648854961832062
-1.0687022900763359
-0.6607996582031249
-6.205770703124999
-7.378929516601562
298
-30.061068702290076
1.7328244274809161
0.8320610687022901
-0.6272808349609375
-6.009446166992187
-7.153874560546875
299
-40.62595419847328
3.6412213740458017
1.3282442748091603
-0.7661445312499999
-6.1267620483398435
-7.304709265136719
300
-53.20610687022901
5.519083969465649
0.20610687022900764
-0.6967126831054687
-6.042964990234375
-7.256825231933593
301
-68.3969465648855
4.534351145038168
-0.5343511450381679
-0.5099649536132812
-5.604826086425781
-7.335833886718749
302
-81.98473282442748
3.1603053435114505
-1.1450381679389312
-0.7781155395507812
-5.288791467285156
-7.611167077636718
303
-95.3587786259542
4.358778625954199
1.1603053435114503
-0.7924807495117187
-4.958391638183594
-7.654262707519531
304
-102.14503816793894
3.595419847328244
4.076335877862595
-0.7805097412109374
-4.173093493652344
-7.524975817871093
305
-102.79389312977099
1.549618320610687
7.770992366412214
-0.9145850341796874
-3.873818286132812
-7.644685900878906
306
-97.25954198473282
-0.8396946564885496
11.022900763358779
-0.8882488159179687
-3.756502404785156
-7.745242370605468
307
-82.5114503816794
-1.381679389312977
10.67175572519084
-0.7972691528320313
-3.679887951660156
-8.343792785644531
308
-71.41984732824427
1.2748091603053435
7.862595419847328
-0.7302315063476562
-3.6296097167968746
-8.827421520996094
309
-65.26717557251908
7.00763358778626
4.152671755725191
-1.0462661254882812
-3.5793314819335937
-8.911218579101561
310
-60.725190839694655
11.625954198473282
4.3816793893129775
-0.8858546142578124
-2.8754361938476563
-8.712499841308594
311
-54.47328244274809
14.16793893129771
5.534351145038168
-0.6727706665039062
-3.047818713378906
-9.076418493652342
312
-46.05343511450382
18.51145038167939
1.6412213740458015
-0.6392518432617187
-3.1004911499023438
-9.318232861328125
313
-42.66412213740458
21.717557251908396
1.3587786259541985
-0.5985504150390625
-2.6575638427734374
-8.853757739257812
314
-41.16793893129771
18.267175572519083
7.3816793893129775
-0.17238251953125
-2.4779987182617185
-8.341398583984375
315
-44.12977099236641
11.381679389312977
8.854961832061068
-0.22744915771484372
-3.1292215698242187
-8.135497241210937
316
-49.00763358778626
0.04580152671755725
4.122137404580153
-0.22744915771484372
-3.4261025756835934
-8.307879760742187
317
-58.93893129770992
-8.755725190839694
0.44274809160305345
-0.3232172241210937
-3.0789433349609374
-8.875305554199219
318
-67.38931297709924
-12.961832061068701
-2.519083969465649
-0.737414111328125
-3.1100679565429687
-9.773131176757811
319
-76.34351145038168
-11.312977099236642
-7.6183206106870225
-0.8978256225585937
-3.42849677734375
-10.08677159423828
320
-84.07633587786259
-7.717557251908397
-13.274809160305344
-0.38307226562499996
-2.7916391357421872
-10.194510668945313
321
-87.6793893129771
-6.580152671755725
-17.015267175572518
-0.8188169677734375
-2.5522189697265625
-10.376469995117187
322
-84.41221374045801
-2.786259541984733
-17.69465648854962
-0.6823474731445313
-1.7669208251953124
-10.09395419921875
323
-75.30534351145039
-0.26717557251908397
-18.389312977099237
-0.4836287353515625
-1.2497732666015624
-10.149020837402343
324
-62.76335877862596
4.488549618320611
-19.16793893129771
-0.5458779785156249
-0.5267243652343749
-10.773907470703124
325
-46.954198473282446
10.748091603053435
-16.022900763358777
-0.7661445312499999
0.15083470458984374
-10.893617553710937
326
-36.0
16.458015267175572
-9.938931297709924
-0.63206923828125
-0.055066638183593745
-10.541669909667968
327
-29.389312977099237
22.625954198473284
-6.801526717557252
-0.3758896606445312
-0.009576806640625
-10.321403356933594
328
-23.641221374045802
24.16793893129771
-3.8244274809160306
-0.2825157958984375
-0.062249243164062495
-10.189722265624999
329
-18.954198473282442
24.19083969465649
0.9236641221374046
-0.05985504150390625
0.023942016601562498
-9.981426721191406
330
-16.641221374045802
26.38167938931298
6.076335877862595
-0.2059013427734375
-0.0383072265625
-10.467449658203124
331
-15.114503816793894
29.229007633587788
9.320610687022901
0.06703764648437499
-0.08858546142578125
-10.328585961914062
332
-9.183206106870228
29.572519083969464
10.358778625954198
0.05027823486328125
-0.45010991210937495
-10.192116467285155
333
-2.877862595419847
28.045801526717558
9.557251908396946
0.22744915771484372
-0.4213794921875
-9.90241806640625
334
0.37404580152671757
26.84732824427481
10.267175572519085
0.39743747558593745
-0.4908113403320312
-9.708487731933593
335
0.061068702290076333
23.31297709923664
9.82442748091603
0.43574470214843747
-0.7829039428710937
-9.619902270507811
336
4.320610687022901
19.900763358778626
7.145038167938932
0.4333505004882812
-0.6751648681640625
-10.058041174316406
337
3.381679389312977
19.015267175572518
7.763358778625954
0.15562310791015624
-0.239420166015625
-10.407594616699217
338
1.213740458015267
15.404580152671755
13.396946564885496
0.33758243408203126
-0.040701428222656245
-9.605537060546874
339
2.5801526717557253
8.396946564885496
15.687022900763358
0.46686932373046874
-0.5698199951171875
-9.5384994140625
340
7.3893129770992365
2.549618320610687
15.007633587786259
0.49799394531249996
-0.4165910888671875
-10.041281762695311
341
11.0
3.0229007633587788
13.603053435114504
0.6607996582031249
-0.8475473876953125
-10.43153663330078
342
10.82442748091603
6.885496183206107
8.709923664122137
0.6679822631835937
-0.9696516723632812
-10.268730920410155
343
6.816793893129771
16.580152671755727
8.618320610687023
0.03591302490234375
-1.2808978881835937
-13.381193078613281
344
-5.419847328244275
37.786259541984734
10.442748091603054
0.7278373046875
-4.082113830566406
-13.45780753173828
345
-37.54961832061068
22.53435114503817
9.0
2.6001030029296874
-1.915361328125
-6.945579016113281
346
-26.099236641221374
4.923664122137405
-4.770992366412214
1.6615759521484375
1.7764976318359373
-11.25514200439453
347
14.549618320610687
2.877862595419847
-1.0458015267175573
-0.622492431640625
-0.6248866333007812
-11.212046374511718
348
2.6030534351145036
3.4580152671755724
0.3435114503816794
1.0366893188476562
-0.5602431884765625
-8.437166650390624
349
-3.3282442748091605
-2.4580152671755724
3.618320610687023
0.39983167724609375
-1.2569558715820313
-9.215282189941405
350
-9.549618320610687
-7.175572519083969
-5.740458015267175
0.9265560424804687
0.25139117431640623
-9.787496386718749
351
1.786259541984733
-3.1526717557251906
-6.114503816793893
1.235408056640625
-0.2154781494140625
-10.0748005859375
352
-0.8091603053435115
-6.458015267175573
-3.1526717557251906
0.7781155395507812
-0.00718260498046875
-10.491391674804687
353
0.16030534351145037
1.0916030534351144
-1.9312977099236641
-0.3758896606445312
0.8834604125976562
-10.59194814453125
354
-0.5419847328244275
2.984732824427481
-0.9541984732824428
0.49320554199218747
-0.5458779785156249
-10.034099157714843
355
-2.7404580152671754
4.129770992366412
-2.3740458015267176
0.70868369140625
-0.5698199951171875
-9.823409411621093
356
-0.007633587786259542
3.7099236641221376
-4.022900763358779
0.5315127685546874
-0.6153098266601562
-9.823409411621093
357
-2.5114503816793894
4.076335877862595
-7.6106870229007635
0.7493851196289062
0.24660277099609373
-10.187328063964843
358
-6.022900763358779
4.190839694656488
0.10687022900763359
0.33039982910156246
-0.7302315063476562
-9.832986218261718
359
2.0610687022900764
2.267175572519084
-1.6564885496183206
0.44053310546874996
-1.2234370483398436
-10.043675964355469
360
-0.549618320610687
2.9923664122137406
0.29770992366412213
1.1707646118164061
-1.5155296508789062
-10.378864196777343
361
-2.9083969465648853
1.3740458015267176
0.07633587786259542
0.55545478515625
-0.06703764648437499
-9.758765966796874
362
-0.5877862595419847
3.7099236641221376
1.7404580152671756
0.1867477294921875
-0.08858546142578125
-10.149020837402343
363
-2.786259541984733
2.83206106870229
4.641221374045801
0.3591302490234375
-0.4261678955078125
-9.95987890625
364
-1.5648854961832062
2.1526717557251906
0.4732824427480916
0.3064578125
-0.49320554199218747
-9.928754284667969
365
-1.4122137404580153
3.2595419847328246
-1.3358778625954197
0.16759411621093748
-0.5195417602539062
-10.000580334472655
366
-2.3282442748091605
3.312977099236641
-0.732824427480916
0.9050082275390624
-0.46686932373046874
-9.835380419921874
367
-1.9770992366412214
2.030534351145038
-0.8702290076335878
0.507570751953125
-0.02154781494140625
-9.868899243164062
368
-1.8854961832061068
3.0076335877862594
0.8854961832061069
0.42377369384765623
-0.47644613037109373
-9.658209497070311
369
-2.1374045801526718
2.5267175572519083
-1.4122137404580153
0.5410895751953124
-0.6177040283203125
-9.785102185058593
370
-2.1297709923664123
2.6946564885496183
-1.1297709923664123
0.603338818359375
-0.181959326171875
-9.9215716796875
371
-1.8244274809160306
2.6793893129770994
0.32061068702290074
0.5626373901367188
-0.316034619140625
-9.816226806640625
372
-1.9236641221374047
2.3587786259541983
-0.549618320610687
0.4070142822265625
-0.5506663818359374
-9.816226806640625
373
-2.198473282442748
2.9770992366412212
-1.0687022900763359
0.5889736083984375
-0.3327940307617187
-9.823409411621093
374
-2.0076335877862594
2.6793893129770994
-1.015267175572519
0.6967126831054687
-0.3399766357421875
-9.873687646484374
375
-2.1755725190839694
2.2519083969465647
0.45038167938931295
0.430956298828125
-0.3327940307617187
-9.81862100830078
376
-1.9618320610687023
2.572519083969466
-0.3435114503816794
0.4261678955078125
-0.4740519287109375
-9.787496386718749
377
-2.145038167938931
2.8702290076335877
-1.4580152671755726
0.6296750366210937
-0.3280056274414062
-9.83777462158203
378
-2.3206106870229006
2.9236641221374047
-0.4732824427480916
0.6416460449218749
-0.24899697265624998
-9.763554370117188
379
-3.83206106870229
2.404580152671756
0.07633587786259542
0.5674257934570313
-0.41898529052734373
-9.8449572265625
380
-2.213740458015267
2.877862595419847
-0.48854961832061067
0.4213794921875
-0.5363011718749999
-9.931148486328125
381
-2.0839694656488548
2.885496183206107
-1.3435114503816794
0.5530605834960938
-0.33758243408203126
-9.87608184814453
382
-2.1603053435114505
2.687022900763359
-0.7709923664122137
0.7637503295898437
-0.44532150878906246
-9.897629663085937
383
-2.3969465648854964
2.450381679389313
0.13740458015267176
0.507570751953125
-0.354341845703125
-9.85692823486328
384
-1.8931297709923665
2.549618320610687
-0.7175572519083969
0.44053310546874996
-0.5482721801757812
-9.87608184814453
385
-2.099236641221374
2.8931297709923665
-1.1526717557251909
0.5817910034179687
-0.3950432739257812
-9.85692823486328
386
-2.2977099236641223
2.5419847328244276
-0.6106870229007634
0.679953271484375
-0.2705447875976562
-9.658209497070311
387
-1.8473282442748091
2.480916030534351
-0.13740458015267176
0.565031591796875
-0.49799394531249996
-9.87608184814453
388
-2.0916030534351147
2.549618320610687
-0.5419847328244275
0.51714755859375
-0.49320554199218747
-9.950302099609374
389
-2.0610687022900764
2.885496183206107
-0.8396946564885496
0.5770026000976562
-0.32082302246093747
-9.821015209960937
390
-0.04580152671755725
2.816793893129771
-0.6183206106870229
0.679953271484375
-0.39264907226562495
-9.86411083984375
391
-2.068702290076336
2.6564885496183206
-0.2748091603053435
0.5530605834960938
-0.37828386230468747
-9.890447058105469
392
-2.068702290076336
2.6106870229007635
-0.5648854961832062
0.47165772705078124
-0.45968671875
-9.840168823242188
393
-3.816793893129771
2.7251908396946565
-0.8091603053435115
0.5506663818359374
-0.39983167724609375
-9.849745629882811
394
-2.1374045801526718
2.5572519083969465
-0.5572519083969466
0.5482721801757812
-0.354341845703125
-9.859322436523437
395
-2.068702290076336
2.50381679389313
-0.6259541984732825
0.59376201171875
-0.4285620971679687
-9.909600671386718
396
-2.122137404580153
2.5114503816793894
-0.6412213740458015
0.5458779785156249
-0.3950432739257812
-9.87608184814453
397
-2.282442748091603
2.6564885496183206
-0.44274809160305345
0.5506663818359374
-0.39264907226562495
-9.873687646484374
398
-3.8625954198473282
2.4580152671755724
-0.6793893129770993
0.4644751220703125
-0.35194764404296874
-9.878476049804688
399
-2.068702290076336
2.7480916030534353
-0.4732824427480916
0.59376201171875
-0.39983167724609375
-9.847351428222655
400
-2.0839694656488548
2.427480916030534
-0.48091603053435117
0.603338818359375
-0.38307226562499996
-9.890447058105469
401
-1.9770992366412214
2.687022900763359
-0.6870229007633588
0.5315127685546874
-0.41898529052734373
-9.866505041503906
402
-2.213740458015267
2.549618320610687
-0.5954198473282443
0.5099649536132812
-0.41419688720703124
-9.792284790039062
403
-3.885496183206107
2.6564885496183206
-0.6335877862595419
0.5482721801757812
-0.40222587890625
-9.871293444824218
404
-2.0381679389312977
2.4732824427480917
-0.5725190839694656
0.5674257934570313
-0.35194764404296874
-9.938331091308592
405
-2.0229007633587788
2.7709923664122136
-0.4961832061068702
0.5482721801757812
-0.39264907226562495
-9.91438907470703
406
-2.053435114503817
2.6030534351145036
-0.8320610687022901
0.5458779785156249
-0.36152445068359373
-9.823409411621093
407
-2.2442748091603053
2.3435114503816794
-0.6946564885496184
0.5889736083984375
-0.3950432739257812
-9.86411083984375
408
-2.122137404580153
2.732824427480916
-0.2595419847328244
0.46686932373046874
-0.3950432739257812
-9.849745629882811
409
-1.7938931297709924
2.7099236641221376
-0.5648854961832062
0.5410895751953124
-0.411802685546875
-9.935936889648437
410
-0.015267175572519083
2.6412213740458017
-0.7480916030534351
0.584185205078125
-0.40222587890625
-9.8449572265625
411
-2.2213740458015265
2.50381679389313
-0.5419847328244275
0.6009446166992187
-0.40462008056640625
-9.931148486328125
412
-1.9770992366412214
2.5343511450381677
-0.4961832061068702
0.5698199951171875
-0.5003881469726562
-9.861716638183593
413
-2.145038167938931
2.618320610687023
-0.48091603053435117
0.32082302246093747
-0.3950432739257812
-9.919177478027343
414
-1.9923664122137406
2.8702290076335877
-0.8625954198473282
0.5817910034179687
-0.3902548706054687
-9.952696301269532
415
-0.007633587786259542
2.549618320610687
-0.7099236641221374
0.5243301635742187
-0.33039982910156246
-9.93354268798828
416
-2.114503816793893
2.6106870229007635
-0.3282442748091603
0.5363011718749999
-0.3854664672851562
-9.90241806640625
417
-3.8473282442748094
2.66412213740458
-0.45038167938931295
0.5626373901367188
-0.373495458984375
-9.866505041503906
418
-2.1908396946564888
2.633587786259542
-0.48091603053435117
0.5674257934570313
-0.4333505004882812
-9.782707983398437
419
-2.213740458015267
2.618320610687023
-0.5419847328244275
0.5482721801757812
-0.3136404174804687
-9.907206469726562
420
-2.0076335877862594
2.66412213740458
-0.5801526717557252
0.7302315063476562
-0.44532150878906246
-9.706093530273437
421
-2.0381679389312977
2.50381679389313
-0.4122137404580153
0.584185205078125
-0.411802685546875
-9.909600671386718
422
-2.0763358778625953
2.6412213740458017
-0.5343511450381679
0.5243301635742187
-0.4285620971679687
-9.789890588378906
423
-2.0610687022900764
2.549618320610687
-0.5725190839694656
0.565031591796875
-0.354341845703125
-9.861716638183593
424
-2.2519083969465647
2.648854961832061
-0.4580152671755725
0.6081272216796875
-0.41898529052734373
-9.823409411621093
425
-3.9083969465648853
2.4580152671755724
-0.4961832061068702
0.49799394531249996
-0.3591302490234375
-9.943119494628906
426
-2.099236641221374
2.6946564885496183
-0.44274809160305345
0.47644613037109373
-0.3854664672851562
-9.83777462158203
427
-2.2061068702290076
2.786259541984733
-0.6717557251908397
0.5770026000976562
-0.37828386230468747
-9.85692823486328
428
-2.145038167938931
2.717557251908397
-0.6183206106870229
0.5674257934570313
-0.411802685546875
-9.809044201660155
429
-2.053435114503817
2.8396946564885495
-0.6412213740458015
0.5626373901367188
-0.4285620971679687
-9.859322436523437
430
-2.183206106870229
2.8091603053435112
-0.5954198473282443
0.5123591552734374
-0.36631285400390623
-9.909600671386718
431
-2.053435114503817
2.7557251908396947
-0.8244274809160306
0.5698199951171875
-0.4285620971679687
-9.8449572265625
432
-2.030534351145038
2.648854961832061
-0.5343511450381679
0.5793968017578125
-0.34237083740234375
-9.811438403320311
433
-2.1603053435114505
2.801526717557252
-0.549618320610687
0.5865794067382812
-0.40462008056640625
-9.916783276367187
434
-1.83206106870229
2.66412213740458
-0.5801526717557252
0.488417138671875
-0.44532150878906246
-9.919177478027343
435
-2.183206106870229
2.7786259541984735
-0.7786259541984732
0.5674257934570313
-0.37828386230468747
-9.82580361328125
436
-0.03816793893129771
2.595419847328244
-0.5801526717557252
0.5865794067382812
-0.39743747558593745
-9.677363110351562
437
-1.9618320610687023
2.66412213740458
-0.4961832061068702
0.5291185668945312
-0.39983167724609375
-9.888052856445311
438
-2.2442748091603053
2.5343511450381677
-0.5648854961832062
0.5674257934570313
-0.4285620971679687
-9.792284790039062
439
-2.1374045801526718
2.6946564885496183
-0.5877862595419847
0.5602431884765625
-0.3687070556640625
-9.87608184814453
440
-1.8778625954198473
2.7099236641221376
-0.648854961832061
0.70868369140625
-0.4572925170898437
-9.861716638183593
441
-2.0229007633587788
2.5877862595419847
-0.6335877862595419
0.6272808349609375
-0.40940848388671874
-9.842563024902343
442
-2.015267175572519
2.7480916030534353
-0.48091603053435117
0.5889736083984375
-0.40462008056640625
-9.873687646484374
443
-2.183206106870229
2.6106870229007635
-0.5572519083969466
0.5339069702148437
-0.3806780639648437
-9.90241806640625
444
-1.9770992366412214
2.6946564885496183
-0.732824427480916
0.5674257934570313
-0.4381389038085937
-9.801861596679688
445
-2.1908396946564888
2.66412213740458
-0.549618320610687
0.5578489868164063
-0.3950432739257812
-9.888052856445311
446
-2.2061068702290076
2.83206106870229
-0.648854961832061
0.5410895751953124
-0.4070142822265625
-9.928754284667969
447
-2.1374045801526718
2.633587786259542
-0.5954198473282443
0.5027823486328125
-0.39743747558593745
-9.89523546142578
448
-1.9694656488549618
2.4427480916030535
-0.6259541984732825
0.5961562133789062
-0.43574470214843747
-9.907206469726562
449
-2.099236641221374
2.6717557251908395
-0.549618320610687
0.6105214233398437
-0.42377369384765623
-9.746794958496093
450
-2.053435114503817
2.7251908396946565
-0.9389312977099237
0.5315127685546874
-0.4165910888671875
-9.871293444824218
451
-2.267175572519084
2.648854961832061
-0.4351145038167939
0.55545478515625
-0.41898529052734373
-9.82580361328125
452
-2.236641221374046
2.7022900763358777
-0.44274809160305345
0.5506663818359374
-0.3854664672851562
-9.93354268798828
453
-2.2442748091603053
2.4732824427480917
-0.4351145038167939
0.507570751953125
-0.3687070556640625
-9.832986218261718
454
-2.1755725190839694
2.7251908396946565
-0.732824427480916
0.5003881469726562
-0.38307226562499996
-9.878476049804688
455
-2.1068702290076335
2.6793893129770994
-0.5725190839694656
0.5195417602539062
-0.33758243408203126
-9.816226806640625
456
-2.053435114503817
2.648854961832061
-0.48091603053435117
0.55545478515625
-0.3447650390625
-9.880870251464843
457
-2.0381679389312977
2.427480916030534
-0.4961832061068702
0.5051765502929687
-0.38786066894531246
-9.866505041503906
458
-2.2519083969465647
2.6793893129770994
-0.732824427480916
0.5482721801757812
-0.40462008056640625
-9.904812268066406
459
-2.068702290076336
2.5419847328244276
-0.5801526717557252
0.5961562133789062
-0.41419688720703124
-9.8449572265625
460
-1.9923664122137406
2.66412213740458
-0.5648854961832062
0.5602431884765625
-0.36152445068359373
-9.667786303710937
461
-2.1374045801526718
2.6412213740458017
-0.549618320610687
0.5961562133789062
-0.44053310546874996
-9.809044201660155
462
-2.122137404580153
2.7786259541984735
-0.4961832061068702
0.4955997436523437
-0.39743747558593745
-9.847351428222655
463
-2.0916030534351147
2.7022900763358777
-0.5114503816793893
0.6105214233398437
-0.3902548706054687
-9.892841259765625
464
-3.8396946564885495
2.5572519083969465
-0.48854961832061067
0.5530605834960938
-0.3327940307617187
-9.828197814941406
465
-2.1068702290076335
2.6793893129770994
-0.366412213740458
0.5434837768554687
-0.4261678955078125
-9.943119494628906
466
-2.16793893129771
2.633587786259542
-0.6641221374045801
0.59376201171875
-0.41419688720703124
-9.866505041503906
467
-2.045801526717557
2.648854961832061
-0.44274809160305345
0.6057330200195312
-0.43574470214843747
-9.852139831542969
468
-2.0381679389312977
2.8625954198473282
-0.5801526717557252
0.584185205078125
-0.3950432739257812
-9.849745629882811
469
-1.9923664122137406
2.7404580152671754
-0.37404580152671757
0.5434837768554687
-0.4213794921875
-9.861716638183593
470
-2.0839694656488548
2.572519083969466
-0.5954198473282443
0.5482721801757812
-0.33518823242187495
-9.919177478027343
471
-2.1068702290076335
2.7557251908396947
-0.5114503816793893
0.5674257934570313
-0.39983167724609375
-9.900023864746093
472
-2.2213740458015265
2.7480916030534353
-0.7480916030534351
0.5530605834960938
-0.3950432739257812
-9.866505041503906
473
-2.053435114503817
2.5114503816793894
-0.3893129770992366
0.584185205078125
-0.44532150878906246
-9.816226806640625
474
-1.8854961832061068
2.801526717557252
-0.46564885496183206
0.507570751953125
-0.40940848388671874
-9.878476049804688
475
-1.9694656488549618
2.5114503816793894
-0.6870229007633588
0.5267243652343749
-0.4165910888671875
-9.8449572265625
476
-2.145038167938931
2.7251908396946565
-0.5877862595419847
0.5219359619140624
-0.3854664672851562
-9.897629663085937
477
-2.053435114503817
2.6717557251908395
-0.7099236641221374
0.5123591552734374
-0.36391865234375
-9.811438403320311
478
-2.1297709923664123
2.6106870229007635
-0.4580152671755725
0.51714755859375
-0.38786066894531246
-9.87608184814453
479
-2.122137404580153
2.7099236641221376
-0.37404580152671757
0.5147533569335937
-0.3687070556640625
-9.880870251464843
480
-2.1603053435114505
2.83206106870229
-0.7480916030534351
0.6272808349609375
-0.3711012573242187
-9.811438403320311
481
-3.8473282442748094
2.6793893129770994
-0.6335877862595419
0.7278373046875
-0.43574470214843747
-9.935936889648437
482
-2.053435114503817
2.648854961832061
-0.6030534351145038
0.5267243652343749
-0.40222587890625
-9.797073193359374
483
-2.0381679389312977
2.6259541984732824
-0.5419847328244275
0.5770026000976562
-0.430956298828125
-9.890447058105469
484
-1.9694656488549618
2.7709923664122136
-0.5190839694656488
0.5386953735351562
-0.37828386230468747
-9.749189160156249
485
-1.984732824427481
2.6412213740458017
-0.5725190839694656
0.5722141967773438
-0.3687070556640625
-9.90241806640625
486
-2.030534351145038
2.6412213740458017
-0.6793893129770993
0.5793968017578125
-0.39743747558593745
-9.873687646484374
487
-1.9923664122137406
2.7022900763358777
-0.5801526717557252
0.5315127685546874
-0.37828386230468747
-9.947907897949218
488
-2.2595419847328246
2.66412213740458
-0.6259541984732825
0.6009446166992187
-0.4213794921875
-9.89523546142578
489
-0.015267175572519083
2.5877862595419847
-0.6335877862595419
0.5363011718749999
-0.430956298828125
-9.840168823242188
490
-2.16793893129771
2.7404580152671754
-0.5801526717557252
0.5722141967773438
-0.39743747558593745
-9.861716638183593
491
-1.9083969465648856
2.5572519083969465
-0.6946564885496184
0.4836287353515625
-0.40462008056640625
-9.849745629882811
492
-2.2290076335877864
2.6946564885496183
-0.5267175572519084
0.4955997436523437
-0.3711012573242187
-9.909600671386718
493
-1.9694656488549618
2.648854961832061
-0.732824427480916
0.5027823486328125
-0.4429273071289062
-9.710881933593749
494
-0.04580152671755725
2.6412213740458017
-0.5572519083969466
0.5578489868164063
-0.4525041137695312
-9.828197814941406
495
-2.1526717557251906
2.564885496183206
-0.6641221374045801
0.4955997436523437
-0.38786066894531246
-9.890447058105469
496
-3.900763358778626
2.7938931297709924
-0.5954198473282443
0.5363011718749999
-0.373495458984375
-9.878476049804688
497
-2.198473282442748
2.5419847328244276
-0.6335877862595419
0.5027823486328125
-0.39983167724609375
-9.82580361328125
498
-2.053435114503817
2.49618320610687
-0.3969465648854962
0.5410895751953124
-0.26815058593749996
-9.94072529296875
499
-2.099236641221374
2.595419847328244
-0.4961832061068702
0.5578489868164063
-0.430956298828125
-9.873687646484374
500
-2.145038167938931
2.49618320610687
-0.6030534351145038
0.5410895751953124
-0.44532150878906246
-9.873687646484374
